userid,text,time,agegroup,country,likes,comments,tone,impact,sadness,anger,fear,neutral,disgust,joy,surprise,disappointment,nervousness,annoyance,love,caring,approval,disapproval,realization,embarrassment,grief,desire,optimism,remorse,admiration,relief,confusion,amusement,curiosity,pride,excitement,gratitude,impact_sadness,impact_anger,impact_fear,impact_neutral,impact_disgust,impact_joy,impact_surprise,impact_disappointment,impact_nervousness,impact_annoyance,impact_love,impact_caring,impact_approval,impact_disapproval,impact_realization,impact_embarrassment,impact_grief,impact_desire,impact_optimism,impact_remorse,impact_admiration,impact_relief,impact_confusion,impact_amusement,impact_curiosity,impact_pride,impact_excitement,impact_gratitude,emotion_compassion,emotion_elation,emotion_affection,emotion_contentment,emotion_playfulness,emotion_empathy,emotion_warmth,emotion_frustration,emotion_shame,emotion_regret,emotion_guilt,emotion_loneliness,emotion_disdain,emotion_curiosity,emotion_skepticism,emotion_uncertainty,emotion_triumph,emotion_reluctance,emotion_apathy,emotion_nostalgia,emotion_intrigue,emotion_hopefulness,emotion_bliss,emotion_fascination,emotion_passion,emotion_hopelessness,emotion_bitterness,emotion_gratefulness,emotion_agitation,emotion_yearning,emotion_sorrow,emotion_delight,emotion_trepidation,emotion_amazement,emotion_complacency,emotion_disillusionment,emotion_zeal,emotion_reverence,emotion_infatuation,emotion_composure,emotion_ecstasy,emotion_anticipation,emotion_resignation,emotion_hostility,emotion_disorientation,emotion_compunction,emotion_humility,emotion_serenity,emotion_reconciliation,emotion_alienation,emotion_exultation,emotion_affirmation,emotion_serendipity,emotion_acceptance,emotion_resentment,emotion_cheerfulness,emotion_apprehension,emotion_eagerness,emotion_clarity,emotion_hesitation,emotion_grievance,emotion_outrage,emotion_pity,emotion_shock,emotion_satisfaction,impact_compassion,impact_elation,impact_affection,impact_contentment,impact_playfulness,impact_empathy,impact_warmth,impact_frustration,impact_shame,impact_regret,impact_guilt,impact_loneliness,impact_disdain,impact_skepticism,impact_uncertainty,impact_triumph,impact_reluctance,impact_apathy,impact_nostalgia,impact_intrigue,impact_hopefulness,impact_bliss,impact_fascination,impact_passion,impact_hopelessness,impact_bitterness,impact_gratefulness,impact_agitation,impact_yearning,impact_sorrow,impact_delight,impact_trepidation,impact_amazement,impact_complacency,impact_disillusionment,impact_zeal,impact_reverence,impact_infatuation,impact_composure,impact_ecstasy,impact_anticipation,impact_resignation,impact_hostility,impact_disorientation,impact_compunction,impact_humility,impact_serenity,impact_reconciliation,impact_alienation,impact_exultation,impact_affirmation,impact_serendipity,impact_acceptance,impact_resentment,impact_cheerfulness,impact_apprehension,impact_eagerness,impact_clarity,impact_hesitation,impact_grievance,impact_outrage,impact_pity,impact_shock,impact_satisfaction,economic_score,social_score,economic_impact,social_impact,adjusted_tone,adjusted_impact,Ableist,Abusive,Ageist,Aggressive,Alienating,Antisemitic,Belittling,Belligerent,Bullying,Caustic,Classist,Condescending,Containing_slurs,Contemptful,Defamatory,Degrading,Demeaning,Demoralizing,Derisive,Derogatory,Despising,Destructive,Discriminatory,Disparaging,Disturbing,Enraging,Ethnocentric,Exclusionary,Harassing,Harmful,Hatespeech,Homophobic,Hostile,Hurtful,Incendiary,Inflammatory,Insulting,Intimidating,Intolerable,Intolerant,Islamophobic,Malicious,Marginalizing,Misogynistic,Mocking,Dehumanizing,Objectifying,Segregating,Nasty,Obscene,Offensive,Oppressive,Overbearing,Pejorative,Prejudiced,Profane,Racist,Sarcastic,Scornful,Sexist,Slanderous,Spiteful,Threatening,Toxic,Transphobic,Traumatizing,Vindictive,Vulgar,Xenophobic,Manipulative,Exploitative,Gaslighting,Patronizing,Overcritical,Fearmongering,Shaming,Pathologizing,Trolling,Cyberbullying,Dogpiling,Sealioning,Doxxing,Brigading,Spamming,Clickbaiting,Misinformation,Disinformation,Profanity,Alarmist,Hysterical,Shocking,Overgeneralizing,Narcissistic,impact_Ableist,impact_Abusive,impact_Ageist,impact_Aggressive,impact_Alienating,impact_Antisemitic,impact_Belittling,impact_Belligerent,impact_Bullying,impact_Caustic,impact_Classist,impact_Condescending,impact_Containing_slurs,impact_Contemptful,impact_Defamatory,impact_Degrading,impact_Demeaning,impact_Demoralizing,impact_Derisive,impact_Derogatory,impact_Despising,impact_Destructive,impact_Discriminatory,impact_Disparaging,impact_Disturbing,impact_Enraging,impact_Ethnocentric,impact_Exclusionary,impact_Harassing,impact_Harmful,impact_Hatespeech,impact_Homophobic,impact_Hostile,impact_Hurtful,impact_Incendiary,impact_Inflammatory,impact_Insulting,impact_Intimidating,impact_Intolerable,impact_Intolerant,impact_Islamophobic,impact_Malicious,impact_Marginalizing,impact_Misogynistic,impact_Mocking,impact_Dehumanizing,impact_Objectifying,impact_Segregating,impact_Nasty,impact_Obscene,impact_Offensive,impact_Oppressive,impact_Overbearing,impact_Pejorative,impact_Prejudiced,impact_Profane,impact_Racist,impact_Sarcastic,impact_Scornful,impact_Sexist,impact_Slanderous,impact_Spiteful,impact_Threatening,impact_Toxic,impact_Transphobic,impact_Traumatizing,impact_Vindictive,impact_Vulgar,impact_Xenophobic,impact_Manipulative,impact_Exploitative,impact_Gaslighting,impact_Patronizing,impact_Overcritical,impact_Fearmongering,impact_Shaming,impact_Pathologizing,impact_Trolling,impact_Cyberbullying,impact_Dogpiling,impact_Sealioning,impact_Doxxing,impact_Brigading,impact_Spamming,impact_Clickbaiting,impact_Misinformation,impact_Disinformation,impact_Profanity,impact_Alarmist,impact_Hysterical,impact_Shocking,impact_Overgeneralizing,impact_Narcissistic,toxicity_index,toxicity_impact,Abandoned,Afraid,Alienated,Alone,Anguished,Annoyed,Anxious,Apathetic,Apologetic,Apprehensive,Ashamed,Awkward,Bitter,Blameworthy,Burned_Out,Concerned,Dejected,Demoralized,Despondent,Detached,Disconnected,Disheartened,Dissociative,Distraught,Doubtful,Drained,Dread,Edgy,Embarrassed,Emptiness,Enraged,Excluded,Exposed,Fatigued,Fearful,Forsaken,Frustrated,Furious,Gloomy,Heartbroken,Helpless,Hesitant,Hopeless,Hypervigilant,Indifferent,Insecure,Irritable,Isolated,Judged,Lethargic,Longing,Lost,Melancholy,Miserable,Misunderstood,Mourning,Nervous,Numb,Overwhelmed,Panicked,Paranoid,Pressured,Regretful,Remorseful,Resentful,Restless,Sad,Sarcasm,Scared,Secluded,Self_Critical,Shaky,Shy,Sorrowful,Startled,Stressed,Tense,Terrified,Tired,Triggered,Troubled,Uncertain,Uneasy,Unloved,Unmotivated,Unworthy,Vulnerable,Withdrawn,Worried,Worthless,Suicidal,Self_harm,impact_Abandoned,impact_Afraid,impact_Alienated,impact_Alone,impact_Anguished,impact_Annoyed,impact_Anxious,impact_Apathetic,impact_Apologetic,impact_Apprehensive,impact_Ashamed,impact_Awkward,impact_Bitter,impact_Blameworthy,impact_Burned_Out,impact_Concerned,impact_Dejected,impact_Demoralized,impact_Despondent,impact_Detached,impact_Disconnected,impact_Disheartened,impact_Dissociative,impact_Distraught,impact_Doubtful,impact_Drained,impact_Dread,impact_Edgy,impact_Embarrassed,impact_Emptiness,impact_Enraged,impact_Excluded,impact_Exposed,impact_Fatigued,impact_Fearful,impact_Forsaken,impact_Frustrated,impact_Furious,impact_Gloomy,impact_Heartbroken,impact_Helpless,impact_Hesitant,impact_Hopeless,impact_Hypervigilant,impact_Indifferent,impact_Insecure,impact_Irritable,impact_Isolated,impact_Judged,impact_Lethargic,impact_Longing,impact_Lost,impact_Melancholy,impact_Miserable,impact_Misunderstood,impact_Mourning,impact_Nervous,impact_Numb,impact_Overwhelmed,impact_Panicked,impact_Paranoid,impact_Pressured,impact_Regretful,impact_Remorseful,impact_Resentful,impact_Restless,impact_Sad,impact_Sarcasm,impact_Scared,impact_Secluded,impact_Self_Critical,impact_Shaky,impact_Shy,impact_Sorrowful,impact_Startled,impact_Stressed,impact_Tense,impact_Terrified,impact_Tired,impact_Triggered,impact_Troubled,impact_Uncertain,impact_Uneasy,impact_Unloved,impact_Unmotivated,impact_Unworthy,impact_Vulnerable,impact_Withdrawn,impact_Worried,impact_Worthless,impact_Suicidal,impact_Self_harm,distress_index,distress_impact,Calming,Relaxed,Safe,Motivated,Empowered,Peaceful,Confident,Trusting,Comforted,Reassured,Inspired,Nurtured,Understanding,Serene,Fulfilled,Energized,Harmonious,Appreciative,Openness,Sociable,Gracious,Altruistic,Reflective,Enthusiastic,Adventurous,impact_Calming,impact_Relaxed,impact_Safe,impact_Motivated,impact_Empowered,impact_Peaceful,impact_Confident,impact_Trusting,impact_Comforted,impact_Reassured,impact_Inspired,impact_Nurtured,impact_Understanding,impact_Serene,impact_Fulfilled,impact_Energized,impact_Harmonious,impact_Appreciative,impact_Openness,impact_Sociable,impact_Gracious,impact_Altruistic,impact_Reflective,impact_Enthusiastic,impact_Adventurous,healing_index,healing_impact
f87dea47db,I feel so drained and empty lately Everything seems hopeless and I can't shake this overwhelming sense of dread It feels like I am completely alone alienated from everyone I care about and no one seems to understand I am constantly anxious scared and ashamed of how I feel The sadness is so heavy and the frustration of being stuck in this cycle makes me furious at myself I am tired of pretending to be okay when all I want to do is disappear My thoughts feel like they are spiraling out of control so much regret so much self-criticism I just feel worthless and unworthy of any kindness or love I don't know how much more I can take,morning,0-20,Afghanistan,389,60,-0.9784,-95.8832,0.6076316237449646,0.0781931454936663,0.0354046009015291,0.0316520300790822,0.0126350207137875,0.0047330491943284,0.0007216883047173,0.0555247801045576,0.0284179494483396,0.0212466597246627,0.0183873312392582,0.0142352552162871,0.0127860131457661,0.0103629615817529,0.0096823661976183,0.0136045254766941,0.01108880341053,0.0045222377909036,0.0045611329454307,0.0113750050465265,0.0027292376228918,0.0021933921865032,0.0022493194361838,0.0015873480369918,0.0014353568403748,0.0014207821999055,0.0009219061757903,0.0006964694475755,59.54789912700653,7.662928258379301,3.469650888349861,3.1018989477500627,1.2382320299511775,0.4638388210441917,0.0707254538622995,5.441428450246652,2.784959045937285,2.082172653016945,1.8019584614473083,1.3950550111961395,1.253029288285082,1.0155702350117888,0.9488718873665978,1.3332434967160225,1.0867027342319489,0.4431793035085624,0.4469910286522159,1.1147504945596058,0.2674652870434026,0.2149524342773172,0.2204333047460143,0.155560107625206,0.1406649703567382,0.1392366555907453,0.0903468052274547,0.0682540058623999,0.3109334394806258,0.0028274776850593,0.0155866721925121,0.0034632206904158,0.0031601986156601,0.3109334394806258,0.0163112932277726,0.0497199026091644,0.0119837435292235,0.3095033143957456,0.0112319042285282,0.3196418269120234,0.0114989911477701,0.0034052261908072,0.005965842816901,0.0169506747576329,0.0030769156971169,0.0074425996863282,0.3196418269120234,0.3061823364696465,0.0029787973156391,0.0046470910698795,0.0034632206904158,0.0020822972316333,0.0114547845150809,0.3315782019247611,0.3429123846193154,0.0014449308170393,0.0248323045865011,0.3060769307679341,0.3093602135777473,0.0031601986156601,0.0319112751749343,0.0027279917073124,0.0155438118037838,0.2242795900157135,0.0022883087221997,0.0017128535352336,0.0085462688843512,0.0160268924939574,0.0080140955364589,0.0023061319871985,0.3049125079657339,0.0373582753107054,0.0127918695474767,0.210031810734007,0.0052252915932816,0.0070538988657062,0.0070923976244456,0.2102098686801683,0.002358579190008,0.0062559760970341,0.0025493765618496,0.0097382201828521,0.2320625769401279,0.0036271767255836,0.0217526357300811,0.0011786315080825,0.0087036712001362,0.0220239565953508,0.2471165164477295,0.0337303759297355,0.3109334394806258,0.0162537699733446,0.0065708181755325,30.471477069101333,0.2770928131358163,1.5274938748661906,0.3393956276607484,0.3096994643346898,30.471477069101333,1.5985067363217196,4.8725504556981205,1.174406865863903,30.331324810783062,1.1007266143957684,31.32489903737829,1.1269011324814795,0.5846525960563029,1.6611661262480335,0.3015377383174611,0.7293747692601684,31.32489903737829,30.00586897402536,0.2919221369326416,0.4554149248481959,0.3393956276607484,0.2040651287000634,1.1225688824779283,32.49466378862659,33.60541369269291,0.1416032200698563,2.4335658494771124,29.99553921525754,30.31730093061924,0.3096994643346898,3.127304967143566,0.267343187316625,1.5232935567708157,21.979399821539925,0.2242542547755803,0.1678596464528977,0.8375343506664177,1.5706354644078346,0.7853813625729787,0.2260009347454627,29.88142578064192,3.661110980449138,1.25360321565272,20.58311745193269,0.5120785761415968,0.6912820888392109,0.6950549671956721,20.600567130656497,0.2311407606207905,0.6130856575093419,0.249838903061264,0.954345577919509,22.74213254013253,0.355463319107196,2.131758301547954,0.1155058877920898,0.8529597776133476,2.158347746344381,24.21741861187749,3.3055768411140853,30.471477069101333,1.592869457387774,0.6439401812021915,0.0,0.0,0.0,0.0,-4.799087561269045,-470.3105810043664,0.0,0.0,0.0,0.5,0.8,0.0,0.7,0.6,0.9,0.4,0.0,0.3,0,0.8,0.9,0.8,0.7,0.6,0.5,0.4,0.3,0.2,0.1,0.9,0.8,0.7,0.0,0.6,0.5,-1.0,0.0,0.0,0.4,0.3,0.2,0.1,0.9,0.8,0.7,0.6,0.0,0.5,0.4,0.0,0.3,0,0,0,0.1,0.0,0.9,0.8,0.7,0.6,0.5,0.0,0.0,0.4,0.3,0.0,0.9,0.8,0.7,0.6,0.0,0.5,0.4,0.3,0.0,0.2,0.1,0.9,0.8,0.7,0.3,0.5,0.4,0.0,0.0,0.0,0.0,0.0,0.0,0.0,0.0,0.0,0.0,0.0,0.0,0.0,0.2,0.1,0.0,0.0,0.0,0.0,49.0,78.4,0.0,68.6,58.8,88.2,39.2,0.0,29.4,0,78.4,88.2,78.4,68.6,58.8,49.0,39.2,29.4,19.6,9.8,88.2,78.4,68.6,0.0,58.8,49.0,-98.0,0.0,0.0,39.2,29.4,19.6,9.8,88.2,78.4,68.6,58.8,0.0,49.0,39.2,0.0,29.4,0,0,0,9.8,0.0,88.2,78.4,68.6,58.8,49.0,0.0,0.0,39.2,29.4,0.0,88.2,78.4,68.6,58.8,0.0,49.0,39.2,29.4,0.0,19.6,9.8,88.2,78.4,68.6,29.4,49.0,39.2,0.0,0.0,0.0,0.0,0.0,0.0,0.0,0.0,0.0,0.0,0.0,0.0,0.0,19.6,9.8,0.0,30.3,2969.4,0.5,1.0,0.9,0.9,0.8,0.2,1.0,0.4,0.3,0.7,0.9,0.5,0.6,0.8,0,0.4,0.9,0.8,0.9,0.5,0.7,0.8,0.6,1.0,0.4,0.9,1.0,0.6,0.7,0.8,0.9,0.5,0.3,0.9,1.0,0.9,0.9,0.9,0.6,0.9,0.8,0.5,0.9,0.7,0.4,0.7,0.6,0.9,0.3,0.5,0,0.8,0.9,0.9,0.7,0.6,0.6,0.4,1.0,0.9,0.7,0.5,0.8,0.9,0.6,0.4,0.9,0.0,1.0,0.7,0,0.5,0.3,0.8,0.4,0.9,0.6,1.0,0.9,0.7,0.9,0.5,0.6,0.8,0.4,0.9,0.8,0.7,0.6,0.9,1.0,0,49.0,98.0,88.2,88.2,78.4,19.6,98.0,39.2,29.4,68.6,88.2,49.0,58.8,78.4,0,39.2,88.2,78.4,88.2,49.0,68.6,78.4,58.8,98.0,39.2,88.2,98.0,58.8,68.6,78.4,88.2,49.0,29.4,88.2,98.0,88.2,88.2,88.2,58.8,88.2,78.4,49.0,88.2,68.6,39.2,68.6,58.8,88.2,29.4,49.0,0,78.4,88.2,88.2,68.6,58.8,58.8,39.2,98.0,88.2,68.6,49.0,78.4,88.2,58.8,39.2,88.2,0.0,98.0,68.6,0,49.0,29.4,78.4,39.2,88.2,58.8,98.0,88.2,68.6,88.2,49.0,58.8,78.4,39.2,88.2,78.4,68.6,58.8,88.2,98.0,0,62.09999999999997,6085.799999999997,-1.0,0.0,0.0,0.0,0.0,0.0,0.0,0.0,0.0,0.0,0.0,0.0,0.0,0.0,0.0,0.0,0.0,0.0,0.0,0.0,0.0,0.0,0.0,0.0,0.0,-98.0,0.0,0.0,0.0,0.0,0.0,0.0,0.0,0.0,0.0,0.0,0.0,0.0,0.0,0.0,0.0,0.0,0.0,0.0,0.0,0.0,0.0,0.0,0.0,0.0,-1.0,-98.0
f87dea47db,Life is a complex dance of emotions: the joy of triumph the sorrow of grief the fire of anger the unease of nervousness the pangs of guilt and the serenity of acceptance—each moment infused with shades of love fear surprise and hope.,morning,0-20,Afghanistan,389,60,-0.7003,-68.6294,0.0596544568737347,0.0053711653066178,0.1165332932335635,0.0206807750898102,0.004103992304105,0.325323178859738,0.1064141473422447,0.0179986267661054,0.0330221258724729,0.007977150506728,0.0171248534073432,0.0103659012820571,0.0054649007021604,0.0053275705722626,0.1720571548988421,0.0079136226947108,0.0089674064268668,0.0183068361948244,0.0181450296659022,0.0021634461202969,0.0025600773781964,0.0017246251227334,0.0189511391023794,0.0042565455417692,0.0016416047777359,0.0010804829071275,0.0061308579558196,0.0007389563543256,5.84613677362601,0.526374200048546,11.420262736889224,2.0267159588014088,0.4021912458022901,31.881671528254323,10.42858643953999,1.7638654230783382,3.236168335502346,0.7817607496593457,1.6782356339196365,1.0158583256416025,0.5355602688117264,0.5221019160817377,16.861601180086534,0.7755350240816672,0.8788058298329513,1.794069947092794,1.7782129072584212,0.2120177197890977,0.2508875830632557,0.1690132620278746,1.8572116320331893,0.4171414630933819,0.1608772682181249,0.1058873248985037,0.6008240796703225,0.0724177227239124,0.0350101790778959,0.1657270184077788,0.0112948770547518,0.1635239019912357,0.1647898622007536,0.0350101790778959,0.0137453773447001,0.0066741579066729,0.0066205966334867,0.0309089514970157,0.0055654262735818,0.0401676159817724,0.0047157814381838,0.0185480843841408,0.0955041470006107,0.0198159570960948,0.1632018308834327,0.0118172033835435,0.0401676159817724,0.1924888178667363,0.0099742204862801,0.1717341042628201,0.1635239019912357,0.0021008410779661,0.0177158448010837,0.03882654181992,0.0325128110901762,0.0012317907385295,0.0204996381896004,0.0389806465342795,0.0343109316503007,0.1647898622007536,0.0747777095530182,0.144765801193393,0.0092901003049013,0.0832367461795607,0.0085060590192571,0.001649516866261,0.0126639223267879,0.0109237671648668,0.1161929634076335,0.0086391641331525,0.030689540998234,0.0058174360391502,0.0806328598927292,0.0235951031402994,0.0026428273930731,0.1124712350881761,0.0065294782948007,0.0230286732500341,0.1108448399075616,0.0082301377583967,0.1444873171082387,0.0058518090356503,0.0234510642508717,0.1159082513558031,0.0503990079612574,0.0038862313667777,0.0613825604345442,0.0561688527361385,0.0276747496488193,0.0049342427276618,0.0350101790778959,0.075683810959971,0.1108375682282106,3.430997549633798,16.24124780396232,1.1068979513656765,16.0253423951411,16.14940649567385,3.430997549633798,1.3470469797806146,0.6540674748539442,0.6488184700816966,3.029077246707548,0.5454117748110213,3.9364263662137,0.4621465809420124,9.359406406059852,1.9419637954172904,15.993779426576408,1.1580859315872631,3.9364263662137,18.86390415094016,0.9774736076554548,16.82994221775637,16.0253423951411,0.2058824256406827,1.7361527905062122,3.805001098352165,3.1862554868372728,0.120715492375891,2.008964542580844,3.8201033603593952,3.362471301729473,16.14940649567385,7.328215536195783,14.187048516952515,0.9104298298803308,8.157201125596952,0.8335937838872024,0.161652652893578,1.241064388025224,1.070529182156956,11.386910413948092,0.8466380850489517,3.007575017826937,0.5701087318367261,7.902020269487463,2.312320107749348,0.2589970845211671,11.022181038641266,0.6398888728904719,2.256809978503342,10.862794310941045,0.8065535003228765,14.159757076607391,0.5734772854937294,2.298204296585427,11.359008632868706,4.939102780203228,0.3808506739442195,6.015490922585332,5.504547568141582,2.7121254655842915,0.4835557873108564,3.430997549633798,7.417013474077164,10.86208168636464,0.0,0.0,0.0,0.0,-0.1018848134723546,-9.984711720290758,0.0,0.0,0.0,0.0,0.0,0.0,0.0,0.0,0.0,0.0,0.0,0.0,0,0.0,0.0,0.0,0.0,0.0,0.0,0.0,0.0,0.0,0.0,0.0,0.0,0.0,0.0,0.0,0.0,0.0,0.0,0.0,0.0,0.0,0.0,0.0,0.0,0.0,0.0,0.0,0.0,0.0,0.0,0.0,0.0,0,0,0,0.0,0.0,0.0,0.0,0.0,0.0,0.0,0.0,0.0,0.0,0.0,0.0,0.0,0.0,0.0,0.0,0.0,0.0,0.0,0.0,0.0,0.0,0.0,0.0,0.0,0.0,0.0,0.0,0.0,0.0,0.0,0.0,0.0,0.0,0.0,0.0,0.0,0.0,0.0,0.0,0.0,0.0,0.0,0.0,0.0,0.0,0.0,0.0,0.0,0.0,0.0,0.0,0.0,0.0,0.0,0.0,0.0,0,0.0,0.0,0.0,0.0,0.0,0.0,0.0,0.0,0.0,0.0,0.0,0.0,0.0,0.0,0.0,0.0,0.0,0.0,0.0,0.0,0.0,0.0,0.0,0.0,0.0,0.0,0.0,0.0,0.0,0.0,0.0,0.0,0,0,0,0.0,0.0,0.0,0.0,0.0,0.0,0.0,0.0,0.0,0.0,0.0,0.0,0.0,0.0,0.0,0.0,0.0,0.0,0.0,0.0,0.0,0.0,0.0,0.0,0.0,0.0,0.0,0.0,0.0,0.0,0.0,0.0,0.0,0.0,0.0,0.0,0.0,0.0,0.0,0.0,0.0,0.0,0.0,0.0,0.0,0.0,0.0,0.0,0.0,0.0,0.0,0.0,0.0,0.0,0.5,0.0,0.0,0.0,0.0,0.0,0.0,0,0.2,0.0,0.0,0.0,0.3,0.0,0.0,0.0,0.0,0.1,0.4,0.0,0.0,0.0,0.0,0.0,0.0,0.0,0.2,0.0,0.0,0.0,0.0,0.0,0.0,0.3,0.0,0.0,0.0,0.4,0.1,0.0,0.0,0.0,0.0,0,0.0,0.0,0.0,0.0,0.0,0.2,0.0,0.5,0.0,0.0,0.0,0.0,0.0,0.0,0.0,0.0,0.0,0.0,0.0,0,0.0,0.0,0.0,0.0,0.0,0.1,0.0,0.3,0.0,0.2,0.4,0.5,0.0,0.3,0.0,0.1,0.0,0.2,0.0,0.0,0,0.0,0.0,0.0,0.0,0.0,0.0,0.0,49.0,0.0,0.0,0.0,0.0,0.0,0.0,0,19.6,0.0,0.0,0.0,29.4,0.0,0.0,0.0,0.0,9.8,39.2,0.0,0.0,0.0,0.0,0.0,0.0,0.0,19.6,0.0,0.0,0.0,0.0,0.0,0.0,29.4,0.0,0.0,0.0,39.2,9.8,0.0,0.0,0.0,0.0,0,0.0,0.0,0.0,0.0,0.0,19.6,0.0,49.0,0.0,0.0,0.0,0.0,0.0,0.0,0.0,0.0,0.0,0.0,0.0,0,0.0,0.0,0.0,0.0,0.0,9.8,0.0,29.4,0.0,19.6,39.2,49.0,0.0,29.4,0.0,9.8,0.0,19.6,0.0,0.0,0,5.3,519.4,0.0,0.0,0.0,0.0,0.0,0.7,0.2,0.5,0.3,0.6,0.4,0.1,0.9,0.8,0.2,0.5,0.7,0.6,0.3,0.1,0.4,0.2,0.8,0.5,0.4,0.0,0.0,0.0,0.0,0.0,68.6,19.6,49.0,29.4,58.8,39.2,9.8,88.2,78.4,19.6,49.0,68.6,58.8,29.4,9.8,39.2,19.6,78.4,49.0,39.2,9.200000000000001,901.6
f87dea47db,In every experience lies a duality: the warmth of compassion counters the chill of disdain elation rises after despair curiosity ignites when confusion abates and optimism thrives even amid resignation and hopelessness.,morning,0-20,Afghanistan,389,60,-0.5719,-56.0462,0.1462165843307351,0.0211171494726537,0.1092928945096597,0.0980051417524616,0.0123743864642165,0.0194740860933961,0.0060548534869061,0.0184797140148778,0.0045128957135602,0.0195952444410068,0.0011473240823155,0.0020997227620682,0.0057213363082458,0.0120168854288446,0.0224959990009665,0.0048444604083973,0.000739904246681,0.0019363968225055,0.0044679671603565,0.0011633350998939,0.0008485593243676,0.0005589782667811,0.3795261283715566,0.0067508971175508,0.0971015687100589,0.0004874958640357,0.0026382281939731,0.000331796957956,14.329225264412042,2.0694806483200714,10.710703661946658,9.604503891741237,1.2126898734932183,1.908460437152825,0.5933756417167994,1.811011973458032,0.4422637799289077,1.9203339552186665,0.1124377600669201,0.2057728306826902,0.560690958208094,1.1776547720267747,2.204607902094722,0.4747571200229382,0.0725106161747438,0.1897668886055422,0.437860781714941,0.1140068397896053,0.0831588137880317,0.0547798701445572,37.193560580412544,0.6615879175199856,9.515953733585777,0.0477745946755021,0.2585463630093727,0.0325161018796886,0.0741581535464016,0.0110561571436846,0.0034343301952806,0.0100165321800886,0.0131124916054734,0.0741581535464016,0.0016235234221918,0.0203561969568302,0.0084306729186209,0.0736899597153144,0.0009516196732874,0.1221108630415983,0.0121956359465305,0.1919970477659565,0.2010110636862615,0.2387656350620091,0.0099807909787159,0.006976641125675,0.1221108630415983,0.0828453352120656,0.0495189827662822,0.0119710266268763,0.0100165321800886,0.0489750640172132,0.0015418604524105,0.0823481491728064,0.0836668669016943,0.0004453876123685,0.0120540700772834,0.0740764905766202,0.073478244288708,0.0131124916054734,0.0569028951116099,0.0087924996348899,0.0347618187758295,0.0623974324488597,0.0016873736268381,0.0005901781411617,0.0013107600763962,0.0335546142604369,0.0077532127898949,0.0347359213547961,0.0733877812987581,0.0176955934592923,0.1649579587893741,0.0493732745591033,0.0022040371776609,0.0073775957074151,0.0006793664356842,0.056869285407932,0.0075332700504683,0.0035589331108793,0.0086959726156944,0.0027933457790317,0.0597835397440777,0.0102309834571011,0.0703024529777596,0.049869898452016,0.0083849000099386,0.1644439728649255,0.0619378159394221,0.0151694737885716,0.0741581535464016,0.0425740448202607,0.0085848002228076,7.2674990475473615,1.0835034000810908,0.3365643591375037,0.9816201536486828,1.2850241773363982,7.2674990475473615,0.1591052953748013,1.994907301769364,0.8262059460248531,7.22161605210082,0.0932587279821701,11.966864578076638,1.195172322759994,19.69908424125363,23.39903223607689,0.9781175159141584,0.6837108303161549,11.966864578076638,8.118842850782428,4.852860311095656,1.1731606094338771,0.9816201536486828,4.799556273686899,0.151102324336229,8.070118618935032,8.19935295636605,0.0436479860121179,1.181298867573783,7.259496076508788,7.200867940293388,1.2850241773363982,5.576483720937775,0.8616649642192136,3.4066582400312906,6.11494837998826,0.1653626154301338,0.0578374578338563,0.1284544874868276,3.2883521975228227,0.7598148534097003,3.4041202927700245,7.192002567278294,1.7341681590106486,16.165879961358662,4.838580906792125,0.2159956434107747,0.723004379326683,0.0665779106970516,5.573189969977343,0.7382604649458935,0.3487754448661747,0.8522053163380545,0.2737478863451066,5.858786894919624,1.0026363787959112,6.88964039182044,4.887250048297568,0.8217202009739827,16.1155093407627,6.069905962063375,1.4866084312800167,7.2674990475473615,4.172256392385554,0.8413104218351514,0.0,0.0,0.0,0.0,-2.7664442429918714,-271.1115358132034,0.0,0.0,0.0,0.0,0.0,0.0,0.0,0.0,0.0,0.0,0.0,0.0,0,0.0,0.0,0.0,0.0,0.0,0.0,0.0,0.0,0.0,0.0,0.0,0.0,0.0,0.0,0.0,0.0,-0.5,0.0,0.0,0.0,0.0,0.0,0.0,0.0,0.0,0.0,0.0,0.0,0.0,0.0,0.0,0.0,0,0,0,0.0,0.0,0.0,0.0,0.0,0.0,0.0,0.0,0.0,0.0,0.0,0.0,0.0,0.0,0.0,0.0,0.0,0.0,0.0,0.0,0.0,0.0,0.0,0.0,0.0,0.0,0.0,0.0,0.0,0.0,0.0,0.0,0.0,0.0,0.0,0.0,0.0,0.0,0.0,0.0,0.0,0.0,0.0,0.0,0.0,0.0,0.0,0.0,0.0,0.0,0.0,0.0,0.0,0.0,0.0,0.0,0.0,0,0.0,0.0,0.0,0.0,0.0,0.0,0.0,0.0,0.0,0.0,0.0,0.0,0.0,0.0,0.0,0.0,-49.0,0.0,0.0,0.0,0.0,0.0,0.0,0.0,0.0,0.0,0.0,0.0,0.0,0.0,0.0,0.0,0,0,0,0.0,0.0,0.0,0.0,0.0,0.0,0.0,0.0,0.0,0.0,0.0,0.0,0.0,0.0,0.0,0.0,0.0,0.0,0.0,0.0,0.0,0.0,0.0,0.0,0.0,0.0,0.0,0.0,0.0,0.0,0.0,0.0,0.0,0.0,0.0,0.0,0.0,0.0,0.0,0.0,0.0,0.0,0.0,0.0,0.0,-0.5,-49.0,0.0,0.0,0.0,0.0,0.0,0.0,0.0,0.0,0.0,0.0,0.0,0.0,0.0,0.0,0,0.0,0.0,0.0,0.0,0.0,0.0,0.0,0.0,0.0,0.0,0.0,0.0,0.0,0.0,0.0,0.0,0.0,0.0,0.0,0.0,0.0,0.0,0.0,0.0,0.0,0.0,0.0,0.2,0.0,0.0,0.0,0.0,0.0,0.0,0.0,0,0.0,0.0,0.0,0.0,0.0,0.0,0.0,0.0,0.0,0.0,0.0,0.0,0.0,0.0,0.0,0.2,0.0,0.0,0.0,0,0.0,0.0,0.0,0.0,0.0,0.0,0.0,0.0,0.0,0.0,0.0,0.0,0.0,0.0,0.0,0.0,0.0,0.0,0.0,0.0,0,0.0,0.0,0.0,0.0,0.0,0.0,0.0,0.0,0.0,0.0,0.0,0.0,0.0,0.0,0,0.0,0.0,0.0,0.0,0.0,0.0,0.0,0.0,0.0,0.0,0.0,0.0,0.0,0.0,0.0,0.0,0.0,0.0,0.0,0.0,0.0,0.0,0.0,0.0,0.0,0.0,0.0,19.6,0.0,0.0,0.0,0.0,0.0,0.0,0.0,0,0.0,0.0,0.0,0.0,0.0,0.0,0.0,0.0,0.0,0.0,0.0,0.0,0.0,0.0,0.0,19.6,0.0,0.0,0.0,0,0.0,0.0,0.0,0.0,0.0,0.0,0.0,0.0,0.0,0.0,0.0,0.0,0.0,0.0,0.0,0.0,0.0,0.0,0.0,0.0,0,0.4,39.2,0.0,0.0,0.0,0.0,0.0,0.5,0.3,0.0,0.3,0.4,0.6,0.0,0.7,0.8,0.9,1.0,0.5,0.2,0.6,0.4,0.7,0.9,0.8,0.5,0.2,0.0,0.0,0.0,0.0,0.0,49.0,29.4,0.0,29.4,39.2,58.8,0.0,68.6,78.4,88.2,98.0,49.0,19.6,58.8,39.2,68.6,88.2,78.4,49.0,19.6,10.3,1009.4000000000001
f87dea47db,From the yearning for connection to the satisfaction of pride from the bitterness of rejection to the reverence of admiration each emotion deepens our understanding of ourselves and the world around us shaping the story of our existence.,morning,0-20,Afghanistan,389,60,0.4767,46.7166,0.0222448787729566,0.2666357011767104,0.0017883549056326,0.2681569680571556,0.0202484357335682,0.0093639346111255,0.0010521579921866,0.0051200685362952,0.0009831672480989,0.0047539738977017,0.0010118051044022,0.0083112578528622,0.0415937677025795,0.0025752921937964,0.0594125408679246,0.0006113963900133,0.0009061898648117,0.0034572820489605,0.0126823807756106,0.001072265052547,0.024143520121773,0.0039494619704782,0.0004548783763311,0.0027716561950607,0.0007071663906875,0.2298619363767405,0.0018143934042503,0.0043151981662958,2.1799981197497496,26.130298715317625,0.1752587807519982,26.27938286960125,1.9843467018896868,0.9176655918903028,0.1031114832342912,0.5017667165569341,0.0963503903136976,0.4658894419747715,0.099156900231416,0.8145032695805032,4.076189234852791,0.2523786349920556,5.82242900505662,0.0599168462213128,0.0888066067515562,0.3388136407981316,1.2428733160098393,0.1050819751496116,2.366064971933762,0.387047273106873,0.0445780808804556,0.2716223071159523,0.0693023062873787,22.526469764920574,0.1778105536165336,0.4228894202969968,0.0152780683129094,0.0055891640076878,0.0213027864034908,0.0066566982908018,0.0060677954030931,0.0152780683129094,0.0046615314786322,0.135694837537206,0.0015933442919048,0.0116585719127518,0.0009892274586793,0.1452009234150561,0.0114118639636823,0.0065686295759708,0.0299337096221278,0.1343059232167433,0.119612935493933,0.0030162871213784,0.1452009234150561,0.015804406692041,0.002082224219824,0.011023157693368,0.0066566982908018,0.0124253432562302,0.0022345435766813,0.0136824736546259,0.1444402899748335,0.004132330068387,0.0028685705729003,0.0128510804109585,0.0115755343188841,0.0060677954030931,0.0013857610768657,0.0115198709083617,0.1045667325767377,0.0289258293923921,0.0783778706099837,0.0142293591440344,0.0095375357583785,0.093472562626832,0.0040633777065926,0.0050679801901828,0.0130971703717174,0.0972127036026601,0.0010984637580501,0.0080744445634384,0.0166194759464511,0.0072082181448219,0.003092155080392,0.015022868900107,0.080346754797372,0.0947126949516435,0.0047885181912634,0.0179514958419732,0.0971519573811544,0.0082726571939322,0.0011595628481396,0.0012607798974689,0.0238910868970883,0.0010754668433542,0.0980002161619874,0.096486476368025,0.0152780683129094,0.0076963162104624,0.0183023880947277,1.4972506946651212,0.5477380727534141,2.087673067542103,0.6523564324985813,0.5946439495031237,1.4972506946651212,0.4568300849059555,13.298094078646194,0.1561477406066753,1.1425400474496763,0.0969442909505763,14.2296904946755,1.1183626684408654,2.933503542968529,13.16198047524085,11.722067678405434,0.2955961378950881,14.2296904946755,1.548831855820023,0.2040579735427519,1.0802694539500688,0.6523564324985813,1.2176836391105643,0.2189852705147723,1.3408824181533383,14.155148417533685,0.404968346701926,0.2811199161442294,1.259405880273938,1.1344023632506468,0.5946439495031237,0.1358045855328435,1.1289473490194466,10.247539792520302,2.834731280454429,7.681031319778408,1.3944771961153712,0.9346785043210994,9.160311137429536,0.3982110152460812,0.4966620586379144,1.2835226964283053,9.52684495306069,0.1076494482889098,0.7912955672169665,1.6287086427522142,0.7064053781925528,0.3030311978784225,1.4722411522104926,7.873981970142465,9.281844105261063,0.4692747827438164,1.7592465925133831,9.520891823353136,0.8107204050053621,0.1136371591176873,0.1235564299519522,2.341326515914657,0.1053957506487116,9.604021183874766,9.45567468406645,1.4972506946651212,0.7542389886253218,1.7936340332833178,0.0,0.0,0.0,0.0,-0.9082269506709884,-89.00624116575686,0.0,0.0,0.0,0.0,0.0,0.0,0.0,0.0,0.0,0.0,0.0,0.1,0,0.0,0.0,0.0,0.0,0.0,0.0,0.0,0.0,0.0,0.0,0.0,0.0,0.0,0.0,0.0,0.0,0.0,0.0,0.0,0.0,0.0,0.0,0.0,0.0,0.0,0.0,0.0,0.0,0.0,0.0,0.0,0.1,0,0,0,0.0,0.0,0.0,0.0,0.0,0.0,0.0,0.0,0.0,0.1,0.0,0.0,0.0,0.0,0.0,0.0,0.0,0.0,0.0,0.0,0.0,0.0,0.0,0.0,0.1,0.0,0.0,0.0,0.0,0.0,0.0,0.0,0.0,0.0,0.0,0.0,0.0,0.0,0.0,0.0,0.0,0.0,0.0,0.0,0.0,0.0,0.0,0.0,0.0,0.0,0.0,0.0,0.0,0.0,0.0,0.0,9.8,0,0.0,0.0,0.0,0.0,0.0,0.0,0.0,0.0,0.0,0.0,0.0,0.0,0.0,0.0,0.0,0.0,0.0,0.0,0.0,0.0,0.0,0.0,0.0,0.0,0.0,0.0,0.0,0.0,0.0,0.0,0.0,9.8,0,0,0,0.0,0.0,0.0,0.0,0.0,0.0,0.0,0.0,0.0,9.8,0.0,0.0,0.0,0.0,0.0,0.0,0.0,0.0,0.0,0.0,0.0,0.0,0.0,0.0,9.8,0.0,0.0,0.0,0.0,0.0,0.0,0.0,0.0,0.0,0.0,0.0,0.0,0.0,0.0,0.0,0.0,0.0,0.0,0.0,0.0,0.4,39.2,0.0,0.0,0.0,0.0,0.0,0.0,0.0,0.0,0.0,0.0,0.0,0.0,0.2,0.0,0,0.0,0.0,0.0,0.0,0.0,0.0,0.0,0.0,0.1,0.0,0.0,0.0,0.0,0.0,0.0,0.0,0.0,0.0,0.0,0.0,0.0,0.3,0.0,0.0,0.0,0.0,0.0,0.0,0.0,0.0,0.0,0.0,0.0,0.0,0.0,0,0.0,0.4,0.5,0.0,0.0,0.0,0.0,0.0,0.0,0.0,0.0,0.0,0.6,0.7,0.8,0.9,0.0,0.0,0.0,0,0.0,0.0,1.0,0.0,0.4,0.5,0.6,0.3,0.0,0.7,0.8,0.9,0.1,0.2,0.4,0.6,0.0,0.3,0.0,0.0,0,0.0,0.0,0.0,0.0,0.0,0.0,0.0,0.0,0.0,0.0,0.0,0.0,19.6,0.0,0,0.0,0.0,0.0,0.0,0.0,0.0,0.0,0.0,9.8,0.0,0.0,0.0,0.0,0.0,0.0,0.0,0.0,0.0,0.0,0.0,0.0,29.4,0.0,0.0,0.0,0.0,0.0,0.0,0.0,0.0,0.0,0.0,0.0,0.0,0.0,0,0.0,39.2,49.0,0.0,0.0,0.0,0.0,0.0,0.0,0.0,0.0,0.0,58.8,68.6,78.4,88.2,0.0,0.0,0.0,0,0.0,0.0,98.0,0.0,39.2,49.0,58.8,29.4,0.0,68.6,78.4,88.2,9.8,19.6,39.2,58.8,0.0,29.4,0.0,0.0,0,11.3,1107.4,0.7,0.6,0.5,0.4,0.3,0.2,0.1,0.1,0.1,0.1,0.5,0.4,0.8,0.7,0.6,0.5,0.4,0.3,0.2,0.1,0.1,0.1,0.8,0.6,0.4,68.6,58.8,49.0,39.2,29.4,19.6,9.8,9.8,9.8,9.8,49.0,39.2,78.4,68.6,58.8,49.0,39.2,29.4,19.6,9.8,9.8,9.8,78.4,58.8,39.2,9.6,940.7999999999998
96d74cb729,I feel calm and safe in this environment as though everything around me is peaceful. I am motivated and energized to take on new challenges with confidence. I trust the process and feel comforted knowing I am supported. This journey has inspired me to remain open and sociable while being reflective and appreciative of the opportunities ahead. I feel nurtured and fulfilled with a harmonious balance in my life. It is an adventure that fills me with enthusiasm and a sense of gratitude for all the gracious and altruistic people I have encountered. Serenity and understanding guide my every step.,noon,21-30,Albania,2877,105,0.9953,390.1576,0.011070867049663,0.0043717828666558,0.0028623964026337,0.0911709322996709,0.002421277706162,0.4719327067335446,0.0006879727200915,0.0105168548567841,0.0047316631995878,0.0118818367579175,0.0048651570978108,0.0497187060924867,0.1566983511050542,0.00406451371479,0.0113637180378039,0.0009909757439648,0.0016574538894928,0.0046276894766682,0.0145504403238495,0.001120005234649,0.0688324533402919,0.0229338264713684,0.0005565475827703,0.0019588726099755,0.0006844113425662,0.0221213748057683,0.0123611682405074,0.0092460249240199,4.339779883467902,1.7137388837290928,1.1220593898324296,35.739005461471,0.9491408608155324,184.9976210395495,0.2696853062758843,4.122607103859385,1.8548119742384488,4.65768000910369,1.9071415823418647,19.489732788254816,61.42575363318126,1.5932893761976934,4.454577470819156,0.3884624916342242,0.6497219246812165,1.81405427485394,5.703772606949012,0.439042051982445,26.98232170939445,8.990059976776442,0.2181666524459918,0.7678780631104019,0.2682892462859551,8.671578923861185,4.845577950278918,3.624441770215829,0.0303947865710748,0.242146937487026,0.0807817541014325,0.2474332666024565,0.23694578967176,0.0303947865710748,0.0272919315951487,0.0081268098122866,0.0025277447293774,0.006095436142156,0.0013887295620709,0.0511208996746669,0.003242895710476,0.0075534939533099,0.0059601328102871,0.0458637399412205,0.2470270407696564,0.004346101595729,0.0511208996746669,0.2415017868916038,0.0026560504096171,0.243241573528697,0.2474332666024565,0.034758432341429,0.0047464232872395,0.0107938609532235,0.0077213249581594,0.0160899256976941,0.0083067499787526,0.0078492782631656,0.0063641604695779,0.23694578967176,0.0037970298011107,0.180484377597976,0.0902677032920311,0.0109838133147503,0.0130367441743146,0.0390392391321559,0.0261084333049236,0.0546078216211753,0.1630530106906209,0.0091986733023076,0.0170023467605157,0.0062249657769117,0.0013689722351651,0.0046161087246016,0.0629594008334808,0.1815284130991332,0.0123483361643996,0.005852219490205,0.1688050832599401,0.064456722078224,0.1651848353083348,0.0764502945563031,0.0065023878770362,0.1628140065557898,0.0027594903149292,0.0065227897915368,0.0280054168672196,0.0027168690616639,0.0086531682577009,0.0036191914292026,0.0303947865710748,0.0019905489429624,0.217188294769989,11.91475633586134,94.9215994949142,31.66644760776154,96.99384050816296,92.88274955132994,11.91475633586134,10.69843718529831,3.1857094464163667,0.9908759339159408,2.389410967725152,0.5443819883317929,20.039392672469443,1.271215118506592,2.3363720616325434,17.978586056958473,96.83459998170532,1.703671825525807,20.039392672469443,94.66870046150868,1.0411717605699422,95.35069682324924,96.99384050816296,13.625305477840184,1.860597928597884,4.231193493663631,3.0267593835984847,6.307250873496107,3.256245991671039,3.076917079160915,2.494750904074537,92.88274955132994,1.488435682035414,70.7498760184066,35.384939690476216,4.30565481938213,5.110403716331336,15.303381739805111,10.234505855530063,21.40626607550073,63.916780190723415,3.605879934504618,6.664919930122155,2.4401865845494126,0.5366371161847453,1.8095146200438272,24.68008512672449,71.15913793486023,4.840547776444682,2.29407004016036,66.17159263789652,25.26703505466381,64.75245544086725,29.968515466070816,2.5489360477982164,63.82309056986963,1.0817202034522595,2.5569335982824257,10.97812341195011,1.065012672172262,3.3920419570187788,1.4187230402474191,11.91475633586134,0.7802951856412608,85.1378115498357,0.0,0.0,0.0,0.0,3.6469599395361296,1429.6082962981627,0.0,0.0,0.0,0.0,0.0,0.0,0.0,0.0,0.0,0.0,0.0,0.0,0,0.0,0.0,0.0,0.0,0.0,0.0,0.0,0.0,0.0,0.0,0.0,0.0,0.0,0.0,0.0,0.0,0.0,0.0,0.0,0.0,0.0,0.0,0.0,0.0,0.0,0.0,0.0,0.0,0.0,0.0,0.0,0.0,0,0,0,0.0,0.0,0.0,0.0,0.0,0.0,0.0,0.0,0.0,0.0,0.0,0.0,0.0,0.0,0.0,0.0,0.0,0.0,0.0,0.0,0.0,0.0,0.0,0.0,0.0,0.0,0.0,0.0,0.0,0.0,0.0,0.0,0.0,0.0,0.0,0.0,0.0,0.0,0.0,0.0,0.0,0.0,0.0,0.0,0.0,0.0,0.0,0.0,0.0,0.0,0.0,0.0,0.0,0.0,0.0,0.0,0.0,0,0.0,0.0,0.0,0.0,0.0,0.0,0.0,0.0,0.0,0.0,0.0,0.0,0.0,0.0,0.0,0.0,0.0,0.0,0.0,0.0,0.0,0.0,0.0,0.0,0.0,0.0,0.0,0.0,0.0,0.0,0.0,0.0,0,0,0,0.0,0.0,0.0,0.0,0.0,0.0,0.0,0.0,0.0,0.0,0.0,0.0,0.0,0.0,0.0,0.0,0.0,0.0,0.0,0.0,0.0,0.0,0.0,0.0,0.0,0.0,0.0,0.0,0.0,0.0,0.0,0.0,0.0,0.0,0.0,0.0,0.0,0.0,0.0,0.0,0.0,0.0,0.0,0.0,0.0,0.0,0.0,0.0,0.0,0.0,0.0,0.0,0.0,0.0,0.0,0.0,0.0,0.0,0.0,0.0,0.0,0,0.0,0.0,0.0,0.0,0.0,0.0,0.0,0.0,0.0,0.0,0.0,0.0,0.0,0.0,0.0,0.0,0.0,0.0,0.0,0.0,0.0,0.0,0.0,0.0,0.0,0.0,0.0,0.0,0.0,0.0,0.0,0.0,0.0,0.0,0.0,0,0.0,0.0,0.0,0.0,0.0,0.0,0.0,0.0,0.0,0.0,0.0,0.0,0.0,0.0,0.0,0.0,0.0,0.0,0.0,0,0.0,0.0,0.0,0.0,0.0,0.0,0.0,0.0,0.0,0.0,0.0,0.0,0.0,0.0,0.0,0.0,0.0,0.0,0.0,0.0,0,0.0,0.0,0.0,0.0,0.0,0.0,0.0,0.0,0.0,0.0,0.0,0.0,0.0,0.0,0,0.0,0.0,0.0,0.0,0.0,0.0,0.0,0.0,0.0,0.0,0.0,0.0,0.0,0.0,0.0,0.0,0.0,0.0,0.0,0.0,0.0,0.0,0.0,0.0,0.0,0.0,0.0,0.0,0.0,0.0,0.0,0.0,0.0,0.0,0.0,0,0.0,0.0,0.0,0.0,0.0,0.0,0.0,0.0,0.0,0.0,0.0,0.0,0.0,0.0,0.0,0.0,0.0,0.0,0.0,0,0.0,0.0,0.0,0.0,0.0,0.0,0.0,0.0,0.0,0.0,0.0,0.0,0.0,0.0,0.0,0.0,0.0,0.0,0.0,0.0,0,0.0,0.0,0.9,0.8,0.9,0.8,0.7,0.9,0.8,0.9,0.8,0.7,0.8,0.9,0.8,0.9,0.9,0.8,0.9,0.8,0.7,0.6,0.5,0.4,0.8,0.9,0.8,352.8,313.6,352.8,313.6,274.4,352.8,313.6,352.8,313.6,274.4,313.6,352.8,313.6,352.8,352.8,313.6,352.8,313.6,274.4,235.2,196.0,156.8,313.6,352.8,313.6,19.700000000000003,7722.400000000002
96d74cb729,Words and actions rooted in hate discrimination and harm—whether ableist racist misogynistic or xenophobic—create division inflict trauma and perpetuate cycles of fear and oppression.,noon,21-30,Albania,2877,105,-0.9287,-364.0504,0.0080323198658334,0.0516036117884747,0.3407439797970255,0.4102940807739894,0.0486304107515328,0.001786766544986,0.0020799934284999,0.0120039744085715,0.0111947103946287,0.0442893747919394,0.0005784445335166,0.0036999839436096,0.0050940585845182,0.0199684312671403,0.0064318187911946,0.0130128544426308,0.0017220990522446,0.0006989957054391,0.0015119157166433,0.0006286052138572,0.0007456114914627,0.0005411453553278,0.0057380025421783,0.0030186611017294,0.0048204537386785,0.0003247282886225,0.0005023977214951,0.0003025181383975,3.1486693874066987,20.228615821082105,133.571640080434,160.83527966340384,19.063121014600863,0.7004124856345394,0.8153574239719699,4.705557968160065,4.388326474694471,17.361434918440256,0.2267502571385193,1.4503937058949912,1.9968709651311656,7.82762505671902,2.521272966148293,5.101038941511281,0.675062828479895,0.2740063165321468,0.5926709609242001,0.2464132438320423,0.2922797046533863,0.2121289792885363,2.2492969965339094,1.1833151518779534,1.8896178655619829,0.1272934891400533,0.1969399068260979,0.1185871102518376,0.0058661519047215,0.0011445821332405,0.0028362515590173,0.0011639559501569,0.0024027138233577,0.0058661519047215,0.0021392142385631,0.047946493290207,0.0164906428548855,0.0043304625398453,0.0011753521330509,0.2091632003199114,0.0342994210093365,0.0036249591294108,0.0060849106666864,0.2080160416580838,0.0010557474168042,0.0103337134862897,0.2091632003199114,0.0049095432054096,0.0027597247220588,0.0016493411308146,0.0011639559501569,0.0027830326150706,0.0006387201194778,0.0100181471372024,0.029817965827154,0.0004218317468626,0.027742042593284,0.0043656577856362,0.004877209459039,0.0024027138233577,0.1759693450958271,0.0015374571549828,0.1386430949046118,0.0088227043551998,0.0005087072385189,0.0005240648149301,0.0006743505768061,0.1381784033576422,0.0009558695999992,0.0022782557256056,0.0042867326105806,0.0481744657773156,0.1161873252559012,0.0034610080439784,0.0019792406927478,0.0020092986146411,0.0004740360090806,0.0255437206281688,0.0008712975183678,0.0023102341965946,0.0014693017762712,0.0031117292944852,0.0265347876404828,0.0021057811211195,0.1189197146434442,0.0026614257300868,0.0035576493633773,0.1192255642446108,0.0238799686876265,0.0400674846023826,0.0058661519047215,0.1304847946590193,0.0024739901616106,2.299531546650828,0.4486761962302956,1.1118106111348207,0.4562707324615048,0.9418638187562184,2.299531546650828,0.8385719815167353,18.795025369761163,6.464331999115136,1.6975413156193575,0.4607380361559528,81.99197452540527,13.445373035659928,2.3852849813410884,81.54228832996887,0.413852987387266,4.050815686625563,81.99197452540527,1.924540936520602,1.0818120910470497,0.6465417232793428,0.4562707324615048,1.0909487851076751,0.2503782868353172,3.92711367778336,11.688642604244388,0.1653580447701587,10.874880696567349,1.71133785196941,1.911866107943288,0.9418638187562184,68.97998327756422,0.6026832047532837,54.34809320260783,3.458500107238335,0.1994132374994088,0.2054334074525992,0.2643454261080043,54.16593411619576,0.3747008831996994,0.8930762444374082,1.680399183347595,18.884390584707727,45.545431500313285,1.356715153239533,0.7758623515571507,0.7876450569393242,0.1858221155596082,10.013138486242182,0.3415486272002038,0.9056118050651094,0.5759662962983235,1.2197978834381984,10.401636755069257,0.8254661994788701,46.61652814023015,1.0432788861940256,1.394598550443915,46.73642118388745,9.360947725549602,15.70645396413398,2.299531546650828,51.1500395063356,0.9698041433513814,0.0,0.0,0.0,0.0,-3.379670131783582,-1324.830691659164,1.0,0.0,0.0,1.0,1.0,0.0,1.0,1.0,1.0,1.0,0.0,1.0,0,1.0,1.0,1.0,1.0,1.0,1.0,1.0,1.0,1.0,1.0,1.0,0.5,1.0,0.0,1.0,1.0,1.0,1.0,0.0,1.0,1.0,1.0,1.0,1.0,1.0,1.0,1.0,0.0,1.0,1.0,1.0,1.0,0,0,0,1.0,0.0,1.0,1.0,1.0,1.0,1.0,0.0,0.0,0.5,1.0,1.0,1.0,1.0,1.0,1.0,0.0,1.0,1.0,0.0,0.0,0.0,0.0,0.0,0.0,0.0,0.0,0.0,0.0,0.0,0.0,0.0,0.0,0.0,0.0,0.0,0.0,0.0,0.0,0.0,0.0,0.0,0.0,0.0,0.0,392.0,0.0,0.0,392.0,392.0,0.0,392.0,392.0,392.0,392.0,0.0,392.0,0,392.0,392.0,392.0,392.0,392.0,392.0,392.0,392.0,392.0,392.0,392.0,196.0,392.0,0.0,392.0,392.0,392.0,392.0,0.0,392.0,392.0,392.0,392.0,392.0,392.0,392.0,392.0,0.0,392.0,392.0,392.0,392.0,0,0,0,392.0,0.0,392.0,392.0,392.0,392.0,392.0,0.0,0.0,196.0,392.0,392.0,392.0,392.0,392.0,392.0,0.0,392.0,392.0,0.0,0.0,0.0,0.0,0.0,0.0,0.0,0.0,0.0,0.0,0.0,0.0,0.0,0.0,0.0,0.0,0.0,0.0,0.0,0.0,0.0,0.0,0.0,0.0,0.0,0.0,52.0,20384.0,-1.0,0.5,0.8,0.7,0.9,0.0,0.6,0.4,0.0,0.3,0.2,0.1,0.8,0.7,0,0.5,0.9,0.8,0.9,0.4,0.3,0.7,0.6,0.9,0.5,0.6,0.8,0.4,0.2,0.1,0.9,0.8,0.7,0.6,0.5,0.9,0.8,0.9,0.7,0.9,0.8,0.5,0.9,0.6,0.4,0.3,0.2,0.8,0.7,0.5,0,0.9,0.8,0.9,0.7,0.9,0.6,0.4,0.9,0.8,0.7,0.6,0.5,0.4,0.3,0.2,0.9,0.1,0.8,0.7,0,0.5,0.4,0.9,0.8,0.6,0.5,0.9,0.6,0.8,0.7,0.6,0.5,0.4,0.3,0.2,0.1,0.9,0.8,0.9,-1.0,0,-392.0,196.0,313.6,274.4,352.8,0.0,235.2,156.8,0.0,117.6,78.4,39.2,313.6,274.4,0,196.0,352.8,313.6,352.8,156.8,117.6,274.4,235.2,352.8,196.0,235.2,313.6,156.8,78.4,39.2,352.8,313.6,274.4,235.2,196.0,352.8,313.6,352.8,274.4,352.8,313.6,196.0,352.8,235.2,156.8,117.6,78.4,313.6,274.4,196.0,0,352.8,313.6,352.8,274.4,352.8,235.2,156.8,352.8,313.6,274.4,235.2,196.0,156.8,117.6,78.4,352.8,39.2,313.6,274.4,0,196.0,156.8,352.8,313.6,235.2,196.0,352.8,235.2,313.6,274.4,235.2,196.0,156.8,117.6,78.4,39.2,352.8,313.6,352.8,-392.0,0,49.49999999999999,19403.999999999996,-1.0,0.0,-1.0,0.0,0.0,-1.0,0.0,0.0,0.0,0.0,0.0,0.0,0.5,-1.0,0.0,0.0,0.0,0.0,0.0,0.0,0.0,0.0,0.5,0.0,0.0,-392.0,0.0,-392.0,0.0,0.0,-392.0,0.0,0.0,0.0,0.0,0.0,0.0,196.0,-392.0,0.0,0.0,0.0,0.0,0.0,0.0,0.0,0.0,196.0,0.0,0.0,-3.0,-1176.0
96d74cb729,Behaviors like bullying harassment gaslighting and trolling weaponize communication turning it into a tool of control alienation and emotional destruction.,noon,21-30,Albania,2877,105,-0.8779,-344.1368,0.0123772396861265,0.2359678794940312,0.0130216135876253,0.161290718242526,0.2258817286541064,0.0018786496172348,0.0017641244339756,0.0155006586574018,0.0059062169554332,0.0775255337357521,0.0028263343653331,0.0050669757959743,0.0133788283759107,0.1690586147209008,0.0182899752010901,0.0109435375779867,0.0018022904017319,0.00776866976715,0.0052896346508835,0.001646356889978,0.0009106252570442,0.0006151162572981,0.002269743476063,0.0035319754873247,0.0025603845715522,0.0007620649121236,0.0017008672196728,0.000463683429795,4.851877956961592,92.49940876166026,5.104472526349127,63.22596155107021,88.54563763240974,0.7364306499560674,0.6915367781184614,6.076258193701506,2.315237046529849,30.390009224414825,1.107923071210583,1.9862545120219388,5.244500723357002,66.27097697059314,7.169670278827349,4.289866730570793,0.7064978374789158,3.0453185487228134,2.0735367831463614,0.6453719008713961,0.3569651007613477,0.2411255728608618,0.8897394426167011,1.3845343910312902,1.0036707520484924,0.2987294455524534,0.6667399501117567,0.1817639044796427,0.0087221077410504,0.0017897584184538,0.0081025813706219,0.0012468829372664,0.0027053125522797,0.0087221077410504,0.0039466550806537,0.1567467066148916,0.0900010761494437,0.0070117982880522,0.0017243236458549,0.0868339789643262,0.1974701716875036,0.0037796890634732,0.0102798593385765,0.0817802308592945,0.0013203572646791,0.0884136422440254,0.0868339789643262,0.0071279446516806,0.0051645271693511,0.0035841421340591,0.0012468829372664,0.0017355049142982,0.0052975020662415,0.0139389491717641,0.1241725595900788,0.0005393998435465,0.0417158753455926,0.0100729547266382,0.0070897650439291,0.0027053125522797,0.0094639152715292,0.0015177997694182,0.0584282209585782,0.0153892911815394,0.0034105339663154,0.0006871543434196,0.0038352097965091,0.0556576034319327,0.0021352837340802,0.0031836288140361,0.0064961779717123,0.1797917139612965,0.0056851604992213,0.0052752956592788,0.0048192093543346,0.0025202472235024,0.0013017113508087,0.1357725276870446,0.0014471939163437,0.0064768426463059,0.0014192967695028,0.006353640143061,0.1391345779670195,0.0035667532518143,0.0071627383715369,0.0021306258956124,0.0079906890847874,0.0070658580063738,0.0879485926125198,0.2103027409563461,0.0087221077410504,0.0802224888919024,0.0052908647501478,3.4190662344917566,0.7015853000338896,3.176211897283785,0.4887781114084484,1.060482520493662,3.4190662344917566,1.5470887916162506,61.44470899303753,35.28042185058195,2.748624928916482,0.6759348691751405,34.03891975401589,77.40830730150141,4.029704860722007,32.05785049684344,0.5175800477542464,34.65814775965796,34.03891975401589,2.7941543034588143,2.024494650385632,1.404983716551187,0.4887781114084484,0.6803179264048944,2.076620809966688,5.464068075331547,48.67564335931091,0.2114447386702476,16.35262313547232,3.948598252842194,2.779187897220246,1.060482520493662,3.709854786439466,0.5949775096119345,22.90386261576268,6.032602143163472,1.336929314795663,0.2693645026204831,1.5034022402315674,21.817780545317657,0.8370312237594516,1.2479824951021774,2.5465017649112216,70.47835187282826,2.2285829156947496,2.0679158984372896,1.8891300668991635,0.9879369116129408,0.5102708495170234,53.22283085332148,0.5673000152067434,2.538922317351926,0.5563643336451107,2.490626936079925,54.54075456307165,1.3981672747112188,2.807793441642465,0.8352053510800999,3.1323501212366995,2.7698163384985426,34.47584830410777,82.43867445488769,3.4190662344917566,31.44721564562576,2.0740189820579635,0.0,0.7,0.0,274.4,-3.60106607960157,-1411.6179032038156,0.0,1.0,0.0,1.0,1.0,0.0,1.0,1.0,1.0,1.0,0.0,1.0,0,1.0,1.0,1.0,1.0,1.0,1.0,1.0,1.0,1.0,0.0,1.0,1.0,1.0,0.0,1.0,1.0,1.0,1.0,0.0,1.0,1.0,1.0,1.0,1.0,1.0,1.0,1.0,0.0,1.0,1.0,0.0,1.0,0,0,0,1.0,0.0,1.0,1.0,1.0,1.0,0.0,0.0,0.0,0.0,1.0,0.0,1.0,1.0,1.0,1.0,0.0,1.0,1.0,0.0,0.0,1.0,1.0,1.0,0.0,0.0,1.0,1.0,1.0,1.0,1.0,1.0,1.0,1.0,1.0,1.0,1.0,0.0,0.0,0.0,0.0,0.0,1.0,0.0,0.0,0.0,392.0,0.0,392.0,392.0,0.0,392.0,392.0,392.0,392.0,0.0,392.0,0,392.0,392.0,392.0,392.0,392.0,392.0,392.0,392.0,392.0,0.0,392.0,392.0,392.0,0.0,392.0,392.0,392.0,392.0,0.0,392.0,392.0,392.0,392.0,392.0,392.0,392.0,392.0,0.0,392.0,392.0,0.0,392.0,0,0,0,392.0,0.0,392.0,392.0,392.0,392.0,0.0,0.0,0.0,0.0,392.0,0.0,392.0,392.0,392.0,392.0,0.0,392.0,392.0,0.0,0.0,392.0,392.0,392.0,0.0,0.0,392.0,392.0,392.0,392.0,392.0,392.0,392.0,392.0,392.0,392.0,392.0,0.0,0.0,0.0,0.0,0.0,392.0,0.0,0.0,63.0,24696.0,-1.0,0.0,-1.0,-1.0,0.0,0.0,0.0,0.0,0.0,0.0,0.0,0.0,0.0,0.0,0,0.0,0.0,-1.0,-1.0,-1.0,-1.0,-1.0,0.0,0.0,0.0,0.0,0.0,0.0,0.0,0.0,0.0,-1.0,-1.0,0.0,0.0,-1.0,0.0,0.0,-1.0,-1.0,-1.0,0.0,-1.0,0.0,0.0,0.0,0.0,-1.0,0.0,0.0,0,-1.0,-1.0,-1.0,-1.0,-1.0,0.0,-1.0,-1.0,0.0,0.0,0.0,0.0,0.0,0.0,0.0,-1.0,0.0,0.0,-1.0,0,0.0,0.0,-1.0,0.0,0.0,0.0,0.0,0.0,0.0,0.0,0.0,0.0,-1.0,0.0,-1.0,-1.0,-1.0,0.0,-1.0,-1.0,0,-392.0,0.0,-392.0,-392.0,0.0,0.0,0.0,0.0,0.0,0.0,0.0,0.0,0.0,0.0,0,0.0,0.0,-392.0,-392.0,-392.0,-392.0,-392.0,0.0,0.0,0.0,0.0,0.0,0.0,0.0,0.0,0.0,-392.0,-392.0,0.0,0.0,-392.0,0.0,0.0,-392.0,-392.0,-392.0,0.0,-392.0,0.0,0.0,0.0,0.0,-392.0,0.0,0.0,0,-392.0,-392.0,-392.0,-392.0,-392.0,0.0,-392.0,-392.0,0.0,0.0,0.0,0.0,0.0,0.0,0.0,-392.0,0.0,0.0,-392.0,0,0.0,0.0,-392.0,0.0,0.0,0.0,0.0,0.0,0.0,0.0,0.0,0.0,-392.0,0.0,-392.0,-392.0,-392.0,0.0,-392.0,-392.0,0,-32.0,-12544.0,0.0,0.0,0.0,0.0,0.0,0.0,0.0,0.0,0.0,0.0,0.0,0.0,-0.5,0.0,0.0,0.0,0.0,0.0,0.0,0.0,0.0,0.0,0.5,0.0,0.0,0.0,0.0,0.0,0.0,0.0,0.0,0.0,0.0,0.0,0.0,0.0,0.0,-196.0,0.0,0.0,0.0,0.0,0.0,0.0,0.0,0.0,0.0,196.0,0.0,0.0,0.0,0.0
96d74cb729,When malicious intent manifests through dehumanizing derogatory or inflammatory conduct it corrodes empathy silences voices and undermines the dignity of individuals and communities.,noon,21-30,Albania,2877,105,-0.4767,-186.8664,0.0185332687979098,0.1215530410408973,0.0139596370281651,0.0971956404391676,0.2160430803584555,0.000909448558256,0.0011847725448509,0.0437426517407099,0.0081591805598388,0.3442135701576869,0.0001639970093189,0.018767941413292,0.016337632764286,0.0447088927030563,0.0217135027050972,0.0050087166212809,0.0021317309292498,0.0015859186423767,0.0091430449198621,0.0031535619685503,0.0007302414669538,0.0018333380770248,0.0039166003916761,0.0005672319033086,0.0027903422584737,0.0008108220354188,0.0003843980563639,0.0007577332604948,7.265041368780658,47.64879208803177,5.472177715040743,38.10069105215371,84.68888750051458,0.356503834836379,0.464430837581555,17.147119482358296,3.198398779456814,134.93171950181326,0.0642868276530255,7.357033034010479,6.404352043600133,17.525885939598083,8.511693060398102,1.963416915542136,0.8356385242659599,0.6216801078116987,3.5840736085859435,1.2361962916717557,0.2862546550459228,0.7186685261937479,1.535307353537064,0.2223549060969769,1.093814165321722,0.3178422378841787,0.1506840380946717,0.2970314381139663,0.0186506051056009,0.0006469233073099,0.0082508148868024,0.0013713933176404,0.0007383402307823,0.0186506051056009,0.0094659692113054,0.2328833055992921,0.0248588046621686,0.01084341538323,0.0026426464489,0.0578644546185387,0.1303759865307559,0.0065298226557691,0.0128150515483866,0.0505561204154218,0.0008601352968374,0.0231474056727165,0.0578644546185387,0.0097213586780829,0.0021881304504251,0.005026246739059,0.0013713933176404,0.0017602918627137,0.0008749578258478,0.0311379602693098,0.0700431549194035,0.0012955356687598,0.1761863753587628,0.0100595937201432,0.0103324998635798,0.0007383402307823,0.0110594087940019,0.0009414875233535,0.0384555370934928,0.0279964744145722,0.0009270462447197,0.0007439873637243,0.0008267190395498,0.0392656399764948,0.0004859478746462,0.0041059284115665,0.0101833034374673,0.2272698971856799,0.0063536699882307,0.0079395205652366,0.0063095680339352,0.0071702426828576,0.0009183561156128,0.0930950806198072,0.0007015562166795,0.0087638332398556,0.0013091863933772,0.0123129707515342,0.0615984008472878,0.0035399084604755,0.0083030532821592,0.0015873701574187,0.0141049273984713,0.0086784726598933,0.0612763205265056,0.127435004700803,0.0186506051056009,0.0770624966438238,0.0063601397998556,7.311037201395552,0.2535939364655004,3.2343194356265603,0.5375861805150368,0.2894293704666616,7.311037201395552,3.710659930831736,91.2902557949225,9.74465142757009,4.25061883022618,1.0359174079688196,22.68286621046717,51.10738672005632,5.023500206967567,19.817999202845368,0.3371730363602608,9.073783023704868,22.68286621046717,3.810772601808497,0.8577471365666782,1.970288721711148,0.5375861805150368,0.69003441018379,0.3429834677323375,12.20608042556946,27.456916728406192,0.5078499821538417,69.06505914063503,3.9433607382961537,4.050339946523281,0.2894293704666616,4.335288247248765,0.3690631091545981,15.074570540649178,10.97461797051234,0.3634021279301616,0.2916430465799256,0.3240738635035216,15.392130870785962,0.1904915668613365,1.609523937334094,3.9918549474871816,89.08979969678653,2.4906386353864347,3.1122920615727603,2.473350669302598,2.8107351316801794,0.3599955973202307,36.49327160296443,0.2750100369383901,3.435422630023408,0.5132010662038754,4.826684534601433,24.14657313213682,1.3876441165064222,3.2547968866064063,0.6222491017081695,5.529131540200763,3.401961282678187,24.02031764639022,49.9545218427148,7.311037201395552,30.208498684378945,2.4931748015433954,0.0,0.0,0.0,0.0,-2.88564087929074,-1131.1712246819702,0.0,1.0,0.0,1.0,1.0,0.0,1.0,1.0,1.0,1.0,0.0,1.0,0,1.0,1.0,1.0,1.0,1.0,1.0,1.0,1.0,0.0,1.0,1.0,1.0,1.0,0.0,1.0,1.0,1.0,1.0,0.0,1.0,1.0,1.0,1.0,1.0,1.0,1.0,1.0,0.0,1.0,1.0,1.0,1.0,0,0,0,1.0,0.0,1.0,1.0,1.0,1.0,1.0,0.0,0.0,1.0,1.0,0.0,1.0,1.0,1.0,1.0,0.0,1.0,1.0,0.0,0.0,0.0,0.0,0.0,0.0,0.0,0.0,1.0,1.0,0.0,1.0,0.0,0.0,0.0,0.0,0.0,0.0,0.0,0.0,0.0,0.0,1.0,1.0,0.0,0.0,0.0,392.0,0.0,392.0,392.0,0.0,392.0,392.0,392.0,392.0,0.0,392.0,0,392.0,392.0,392.0,392.0,392.0,392.0,392.0,392.0,0.0,392.0,392.0,392.0,392.0,0.0,392.0,392.0,392.0,392.0,0.0,392.0,392.0,392.0,392.0,392.0,392.0,392.0,392.0,0.0,392.0,392.0,392.0,392.0,0,0,0,392.0,0.0,392.0,392.0,392.0,392.0,392.0,0.0,0.0,392.0,392.0,0.0,392.0,392.0,392.0,392.0,0.0,392.0,392.0,0.0,0.0,0.0,0.0,0.0,0.0,0.0,0.0,392.0,392.0,0.0,392.0,0.0,0.0,0.0,0.0,0.0,0.0,0.0,0.0,0.0,0.0,392.0,392.0,0.0,0.0,56.0,21952.0,0.0,0.0,0.0,0.0,0.0,0.0,0.0,0.0,0.0,0.3,0.0,0.0,0.0,0.0,0,0.0,0.0,0.0,0.0,0.5,0.7,0.8,0.9,0.8,0.4,0.6,0.2,0.0,0.0,0.0,0.5,0.7,0.9,0.3,0.0,0.8,0.4,0.6,0.5,0.7,0.9,0.3,0.8,0.2,0.0,0.4,0.5,0.7,0.6,0.3,0,0.8,0.7,0.9,0.6,0.5,0.4,0.2,0.9,0.8,0.7,0.6,0.3,0.5,0.4,0.2,0.8,0.0,0.7,0.6,0,0.3,0.2,0.8,0.4,0.9,0.7,0.9,0.6,0.8,0.9,0.7,0.5,0.9,0.4,0.8,0.9,0.6,0.8,0.9,0.5,0,0.0,0.0,0.0,0.0,0.0,0.0,0.0,0.0,0.0,117.6,0.0,0.0,0.0,0.0,0,0.0,0.0,0.0,0.0,196.0,274.4,313.6,352.8,313.6,156.8,235.2,78.4,0.0,0.0,0.0,196.0,274.4,352.8,117.6,0.0,313.6,156.8,235.2,196.0,274.4,352.8,117.6,313.6,78.4,0.0,156.8,196.0,274.4,235.2,117.6,0,313.6,274.4,352.8,235.2,196.0,156.8,78.4,352.8,313.6,274.4,235.2,117.6,196.0,156.8,78.4,313.6,0.0,274.4,235.2,0,117.6,78.4,313.6,156.8,352.8,274.4,352.8,235.2,313.6,352.8,274.4,196.0,352.8,156.8,313.6,352.8,235.2,313.6,352.8,196.0,0,39.39999999999999,15444.799999999996,0.0,0.0,-1.0,0.0,0.0,0.0,0.0,0.0,0.0,0.0,0.0,0.0,0.4,0.0,0.0,0.0,0.0,0.0,0.0,0.0,0.0,0.0,0.3,0.0,0.0,0.0,0.0,-392.0,0.0,0.0,0.0,0.0,0.0,0.0,0.0,0.0,0.0,156.8,0.0,0.0,0.0,0.0,0.0,0.0,0.0,0.0,0.0,117.6,0.0,0.0,-0.3,-117.6
eee518ae67,Life's struggles often leave us feeling isolated misunderstood or alienated—caught in the depths of fear regret and hopelessness yearning for connection and understanding.,night,31-45,Algeria,438,18,-0.9382,-57.2302,0.4845717598994573,0.0036248839654338,0.3012332230185469,0.0209311621147207,0.0031673611568597,0.0035720873953929,0.0009955179799968,0.02939654684936,0.0332170476516087,0.0046938036490852,0.0010925891935282,0.0249280608986737,0.0081569027776519,0.0041121790806452,0.0122316029543677,0.0062014314656456,0.014685496687889,0.0026329002575948,0.0073482474545016,0.0172732404122749,0.0012614654454713,0.004219665454002,0.0019053577367837,0.0010967801790684,0.0014199660314867,0.0010696161092103,0.0008506300509907,0.004110542164805,29.55887735386689,0.221117921891467,18.37522660413136,1.2768008889979685,0.1932090305684445,0.2178973311189717,0.0607265967798108,1.793189357810964,2.026239906748136,0.2863220225942011,0.0666479408052206,1.520611714819097,0.4975710694367686,0.2508429239193598,0.7461277802164356,0.3782873194043835,0.895815297961235,0.1606069157132879,0.448243094724603,1.0536676651487749,0.0769493921737497,0.2573995926941279,0.1162268219438071,0.0669035909231752,0.0866179279206941,0.0652465826618329,0.0518884331104345,0.2507430720531071,0.2547499103990654,0.0022113587231918,0.00462474598559,0.0038958764246974,0.0023344337872306,0.2547499103990654,0.0130103250461009,0.0041593438072595,0.0051568052731454,0.2509225001558661,0.0159793685500819,0.252751461007089,0.0036397701187524,0.0046268025956426,0.0070684803455757,0.0114182599257522,0.0023208517523016,0.00337253966912,0.252751461007089,0.244071923647425,0.0020264331445407,0.0054601674249472,0.0038958764246974,0.0013407157384789,0.0018627447255615,0.2569841533744086,0.2440983219324455,0.0041651038094035,0.0189554256503469,0.243602330078526,0.2496286282936731,0.0023344337872306,0.1672251353350778,0.0019430236069536,0.0111025767821248,0.1753999699010616,0.0015177154725986,0.0026860038051381,0.0016623182988647,0.0166929628224654,0.0018384355466372,0.0032062811789929,0.2443957126767296,0.0038286829237929,0.1013780329117757,0.172176832333207,0.0054957034654863,0.0109066045826895,0.0031409322707784,0.1639504333789874,0.0018307778518646,0.0055249221137879,0.0029290902764639,0.0124348763767758,0.1641029409818454,0.0040057050096543,0.111956745567214,0.0011352980412386,0.0137931097690144,0.112118542802313,0.172531063571417,0.0036348080676462,0.2547499103990654,0.1017987007184678,0.0053162185423489,15.539744534342994,0.1348928821146998,0.282109505120993,0.2376484619065444,0.1424004610210696,15.539744534342994,0.7936298278121579,0.2537199722428295,0.3145651216618694,15.306272509507831,0.974741481554999,15.41783912143243,0.2220259772438994,0.4311773010801177,0.6965138554708843,0.1415719568903976,0.20572491981632,15.41783912143243,14.88838734249293,0.1236124218169857,0.3330702129217823,0.2376484619065444,0.0817836600472189,0.1136274282592515,15.676033355838928,14.889997637879178,0.2540713323736135,1.1562809646711638,14.859742134790087,15.22734632591406,0.1424004610210696,10.200733255439744,0.1185244400241736,0.677257183709617,10.69939816396476,0.0925806438285146,0.1638462321134271,0.1014014162307507,1.0182707321703934,0.1121445683448732,0.1955831519185729,14.908138473280507,0.2335496583513669,6.184060007618323,10.50278677232563,0.3352379113946643,0.6653028795440615,0.1915968685174824,10.000976436118233,0.1116774489637426,0.3370202489410639,0.1786745068642979,0.7585274589833279,10.010279399892571,0.2443480055889123,6.82936147960006,0.0692531805155606,0.8413796959098825,6.839231110941099,10.52439487785644,0.2217232921264202,15.539744534342994,6.209720743826536,0.324289331083285,0.0,0.0,0.0,0.0,-4.396106338742761,-268.1624866633084,0.0,0.0,0.0,0.0,0.0,0.0,0.0,0.0,0.0,0.0,0.0,0.0,0,0.0,0.0,0.0,0.0,0.0,0.0,0.0,0.0,0.0,0.0,0.0,0.0,0.0,0.0,0.0,0.0,0.0,0.0,0.0,0.0,0.0,0.0,0.0,0.0,0.0,0.0,0.0,0.0,0.0,0.0,0.0,0.0,0,0,0,0.0,0.0,0.0,0.0,0.0,0.0,0.0,0.0,0.0,0.0,0.0,0.0,0.0,0.0,0.0,0.0,0.0,0.0,0.0,0.0,0.0,0.0,0.0,0.0,0.0,0.0,0.0,0.0,0.0,0.0,0.0,0.0,0.0,0.0,0.0,0.0,0.0,0.0,0.0,0.0,0.0,0.0,0.0,0.0,0.0,0.0,0.0,0.0,0.0,0.0,0.0,0.0,0.0,0.0,0.0,0.0,0.0,0,0.0,0.0,0.0,0.0,0.0,0.0,0.0,0.0,0.0,0.0,0.0,0.0,0.0,0.0,0.0,0.0,0.0,0.0,0.0,0.0,0.0,0.0,0.0,0.0,0.0,0.0,0.0,0.0,0.0,0.0,0.0,0.0,0,0,0,0.0,0.0,0.0,0.0,0.0,0.0,0.0,0.0,0.0,0.0,0.0,0.0,0.0,0.0,0.0,0.0,0.0,0.0,0.0,0.0,0.0,0.0,0.0,0.0,0.0,0.0,0.0,0.0,0.0,0.0,0.0,0.0,0.0,0.0,0.0,0.0,0.0,0.0,0.0,0.0,0.0,0.0,0.0,0.0,0.0,0.0,0.0,0.7,0.8,0.7,0.6,0.9,0.0,0.0,0.4,0.0,0.5,0.3,0.2,0.6,0.0,0,0.4,0.7,0.9,0.8,0.5,0.6,0.7,0.0,0.9,0.4,0.7,0.8,0.5,0.3,0.6,0.9,0.7,0.0,0.8,0.8,0.7,0.6,0.9,0.5,0.7,0.4,0.3,0.8,0.2,0.0,0.6,0.5,0.7,0.4,0.3,0,0.8,0.7,0.9,0.7,0.6,0.5,0.4,0.9,0.8,0.6,0.7,0.6,0.3,0.5,0.4,0.7,0.0,0.8,0.7,0,0.5,0.3,0.7,0.4,0.8,0.6,0.9,0.7,0.5,0.7,0.4,0.5,0.6,0.3,0.2,0.8,0.7,0.6,0.9,0.0,0,42.7,48.8,42.7,36.6,54.9,0.0,0.0,24.4,0.0,30.5,18.3,12.2,36.6,0.0,0,24.4,42.7,54.9,48.8,30.5,36.6,42.7,0.0,54.9,24.4,42.7,48.8,30.5,18.3,36.6,54.9,42.7,0.0,48.8,48.8,42.7,36.6,54.9,30.5,42.7,24.4,18.3,48.8,12.2,0.0,36.6,30.5,42.7,24.4,18.3,0,48.8,42.7,54.9,42.7,36.6,30.5,24.4,54.9,48.8,36.6,42.7,36.6,18.3,30.5,24.4,42.7,0.0,48.8,42.7,0,30.5,18.3,42.7,24.4,48.8,36.6,54.9,42.7,30.5,42.7,24.4,30.5,36.6,18.3,12.2,48.8,42.7,36.6,54.9,0.0,0,48.0,2928.0,0.0,0.0,0.0,0.0,0.0,-1.0,0.0,0.0,0.0,0.0,0.0,0.0,-1.0,-1.0,0.0,0.0,0.0,0.0,0.0,0.0,0.0,0.0,-1.0,0.0,0.0,0.0,0.0,0.0,0.0,0.0,-61.0,0.0,0.0,0.0,0.0,0.0,0.0,-61.0,-61.0,0.0,0.0,0.0,0.0,0.0,0.0,0.0,0.0,-61.0,0.0,0.0,-4.0,-244.0
eee518ae67,From the weight of anxiety and self-doubt to the sharp pangs of anger frustration and sorrow these emotions reflect our vulnerabilities and the challenges of navigating a complex world!,night,31-45,Algeria,438,18,-0.9098,-55.497800000000005,0.0469008187452952,0.3102137632668018,0.0606120424345135,0.1048100425784165,0.0123032143552942,0.0020928151013019,0.0031295785059531,0.023347120732069,0.1110608018934726,0.0411106679433335,0.001512540737167,0.007774086727295,0.0063202537324589,0.013228815223556,0.2195632768174012,0.0092418743297457,0.005879350627462,0.0022857893103112,0.0038299655619387,0.0020362864791726,0.0008361318808359,0.0011509747516053,0.0030483993468806,0.0010554391386297,0.0033550471416674,0.000659463306268,0.0017796724569052,0.0008618610833461,2.8609499434630075,18.923039559274912,3.697334588505328,6.393412597283411,0.7504960756729512,0.127661721179417,0.1909042888631423,1.42417436465621,6.774708915501833,2.507750744543349,0.092264984967187,0.4742192903649993,0.3855354776799989,0.8069577286369167,13.393359885861477,0.5637543341144919,0.3586403882751862,0.1394331479289879,0.2336278992782657,0.124213475229529,0.0510040447309923,0.0702094598479258,0.1859523601597175,0.0643817874564168,0.2046578756417147,0.0402272616823514,0.1085600198712199,0.0525735260841126,0.0273374527362951,0.0019362437791035,0.0039163972348129,0.0016218949264536,0.0015741271199658,0.0273374527362951,0.0046433137322309,0.1756622156050676,0.0112353447766508,0.0244685526122339,0.0039578185533173,0.0758554306618558,0.0127660147894251,0.0034391824544096,0.1113058380821409,0.0539292209626485,0.0013761392037849,0.0077573022669336,0.0758554306618558,0.0244968169232985,0.0028204182259893,0.0029613903316203,0.0016218949264536,0.0020955895112516,0.001899165023739,0.0351239697386821,0.1785572910060485,0.0010064179174757,0.076085734918403,0.0245933040278031,0.0263900846863785,0.0015741271199658,0.085836422163993,0.0020195084960303,0.0374270903541602,0.0966037387649218,0.0015749750244948,0.000848996482091,0.0015448206427713,0.0379117013524389,0.0017950094317913,0.002988228386837,0.0240258967484502,0.1212092151884765,0.0222633400957824,0.0182721519506432,0.0027776965224701,0.003672625526734,0.0011751255240394,0.0241442827747151,0.0015106502881583,0.0036032275335551,0.0021244561196201,0.0050817717371197,0.123447799078551,0.0023260732672901,0.0583426304898845,0.0025673597992863,0.0761627794321005,0.0582404145582889,0.1268205675813886,0.1119152642818839,0.0273374527362951,0.0253482784319202,0.0031880145284553,1.6675846169140012,0.1181108705253165,0.2389002313235899,0.0989355905136696,0.0960217543179138,1.6675846169140012,0.2832421376660909,10.715395151909126,0.6853560313757018,1.492581709346268,0.2414269317523553,4.627181270373207,0.7787269021549311,6.7896561230105945,3.289682478721561,0.0839444914308819,0.4731954382829496,4.627181270373207,1.4943058323212115,0.1720455117853473,0.1806448102288383,0.0989355905136696,0.1278309601863506,0.1158490664480851,2.142562154059608,10.89199475136896,0.0613914929660176,4.641229830022586,1.500191545695995,1.6097951658690943,0.0960217543179138,5.236021752003576,0.1231900182578483,2.283052511603774,5.89282806466023,0.0960734764941828,0.051788785407551,0.0942340592090533,2.312613782498776,0.1094955753392733,0.182281931597063,1.465579701655465,7.393762126497066,1.3580637458427265,1.1146012689892393,0.1694394878706761,0.224030157130778,0.0716826569664074,1.472801249257623,0.0921496675776603,0.2197968795468671,0.1295918232968261,0.3099880759643037,7.530315743791611,0.1418904693046961,3.5589004598829543,0.1566089477564642,4.64592954535813,3.552665288055622,7.736054622464709,6.826831121194924,1.6675846169140012,1.5462449843471364,0.1944688862357773,0.0,0.0,0.0,0.0,-3.380691828672998,-206.22220154905287,0.0,0.0,0.0,0.0,0.0,0.0,0.0,0.0,0.0,0.0,0.0,0.0,0,0.0,0.0,0.0,0.0,0.0,0.0,0.0,0.0,0.0,0.0,0.0,0.1,0.0,0.0,0.0,0.0,0.0,0.0,0.0,0.2,0.0,0.0,0.0,0.0,0.0,0.0,0.0,0.0,0.0,0.1,0.0,0.3,0,0,0,0.5,0.0,0.0,0.2,0.3,0.0,0.0,0.0,0.0,0.1,0.4,0.0,0.0,0.2,0.3,0.5,0.0,0.7,0.4,0.6,0.0,0.2,0.1,0.3,0.2,0.1,0.5,0.6,0.4,0.7,0.8,0.9,0.8,0.9,0.8,0.7,0.6,0.5,0.4,0.3,0.2,0.1,0.05,0.1,0.0,0.0,0.0,0.0,0.0,0.0,0.0,0.0,0.0,0.0,0.0,0.0,0.0,0,0.0,0.0,0.0,0.0,0.0,0.0,0.0,0.0,0.0,0.0,0.0,6.1000000000000005,0.0,0.0,0.0,0.0,0.0,0.0,0.0,12.2,0.0,0.0,0.0,0.0,0.0,0.0,0.0,0.0,0.0,6.1000000000000005,0.0,18.3,0,0,0,30.5,0.0,0.0,12.2,18.3,0.0,0.0,0.0,0.0,6.1000000000000005,24.4,0.0,0.0,12.2,18.3,30.5,0.0,42.7,24.4,36.6,0.0,12.2,6.1000000000000005,18.3,12.2,6.1000000000000005,30.5,36.6,24.4,42.7,48.8,54.9,48.8,54.9,48.8,42.7,36.6,30.5,24.4,18.3,12.2,6.1000000000000005,3.0500000000000003,6.1000000000000005,0.0,15.550000000000002,948.5499999999998,0.0,0.8,0.4,0.6,0.9,0.2,0.8,0.1,0.0,0.7,0.3,0.2,0.5,0.4,0,0.6,0.9,0.7,0.8,0.3,0.5,0.7,0.1,0.9,0.6,0.4,0.8,0.2,0.3,0.5,0.9,0.7,0.6,0.4,0.8,0.6,0.9,1.0,0.5,0.7,0.3,0.2,0.8,0.4,0.0,0.6,0.5,0.7,0.3,0.1,0,0.8,0.9,0.8,0.4,0.6,0.7,0.2,0.8,1.0,0.5,0.6,0.3,0.4,0.7,0.2,0.9,0.0,0.8,0.5,0,0.3,0.1,0.9,0.4,0.7,0.5,1.0,0.6,0.8,0.7,0.6,0.5,0.4,0.2,0.3,0.9,0.7,0.8,0.8,1.0,0,0.0,48.8,24.4,36.6,54.9,12.2,48.8,6.1000000000000005,0.0,42.7,18.3,12.2,30.5,24.4,0,36.6,54.9,42.7,48.8,18.3,30.5,42.7,6.1000000000000005,54.9,36.6,24.4,48.8,12.2,18.3,30.5,54.9,42.7,36.6,24.4,48.8,36.6,54.9,61.0,30.5,42.7,18.3,12.2,48.8,24.4,0.0,36.6,30.5,42.7,18.3,6.1000000000000005,0,48.8,54.9,48.8,24.4,36.6,42.7,12.2,48.8,61.0,30.5,36.6,18.3,24.4,42.7,12.2,54.9,0.0,48.8,30.5,0,18.3,6.1000000000000005,54.9,24.4,42.7,30.5,61.0,36.6,48.8,42.7,36.6,30.5,24.4,12.2,18.3,54.9,42.7,48.8,48.8,61.0,0,48.49999999999999,2958.5,0.0,0.0,0.0,0.0,0.0,0.4,0.0,0.0,0.6,0.8,0.2,0.0,0.3,0.5,0.0,0.0,0.0,0.0,0.0,0.0,0.0,0.0,0.7,0.9,0.0,0.0,0.0,0.0,0.0,0.0,24.400000000000002,0.0,0.0,36.6,48.800000000000004,12.200000000000001,0.0,18.3,30.5,0.0,0.0,0.0,0.0,0.0,0.0,0.0,0.0,42.699999999999996,54.9,0.0,4.4,268.4
eee518ae67,Whether overwhelmed heartbroken or numb these feelings remind us of the importance of empathy self-compassion and the need for hope amidst life's turmoil!,night,31-45,Algeria,438,18,-0.5983,-36.496300000000005,0.2457943619228899,0.0056519503365658,0.0451497846491596,0.0349068816673631,0.0014868357684463,0.0017590125717106,0.0389979096944443,0.0061958897082755,0.0021121026948094,0.0027124069856654,0.0007177411850231,0.0265596136450767,0.0090627913984159,0.0023600508199403,0.025626391172409,0.0006808012306767,0.000928845469995,0.0334217280615121,0.5045135418574015,0.0016349602083209,0.0023179080647726,0.0005684507874927,0.0008652995553954,0.0009024828177643,0.0021678868215531,0.0005156162248264,0.0010711990362324,0.0013175508550678,14.993456077296289,0.3447689705305189,2.754136863598736,2.129319781709152,0.0906969818752259,0.1072997668743482,2.378872491361108,0.3779492722048114,0.1288382643833756,0.1654568261255917,0.0437822122864114,1.620136432349682,0.5528302753033737,0.1439631000163596,1.5632098615169523,0.0415288750712837,0.0566595736697005,2.038725411752239,30.77532605330149,0.0997325727075804,0.1413923919511338,0.0346754980370557,0.0527832728791205,0.055051451883628,0.1322410961147397,0.0314525897144145,0.0653431412101781,0.08037060215914,0.1361769877839833,0.0014151058039714,0.0048902662917195,0.0011637316796016,0.0013307476947374,0.1361769877839833,0.0136386774150498,0.0041821786611156,0.0015204260253085,0.1237146610656054,0.0012819028391579,0.1403506217951265,0.0019234432941932,0.2526894207063984,0.0132458453639022,0.0178860906113792,0.0011373143982685,0.0178908894407262,0.1403506217951265,0.1237766872473002,0.0177948074415325,0.253136277214556,0.0011637316796016,0.0022428974431628,0.0170697346232676,0.1259951258155827,0.1257231561297278,0.0009430008212802,0.0024122548402374,0.139608044992201,0.1233616036964424,0.0013307476947374,0.0236309436719845,0.0143582767769758,0.0148460412844239,0.0925388809345248,0.0116695144408569,0.0018177294599202,0.0121524591037692,0.0206783153666441,0.0011826509309887,0.1692508759050623,0.1231814063551913,0.0032837310302258,0.0283376646329997,0.0827860558670686,0.0036495976803254,0.0096290256680933,0.0008679142758611,0.0832137495037588,0.0011152759442564,0.1713639831602146,0.0137751243512158,0.0120636186103284,0.0846021210264653,0.1690583457489588,0.0164765913885073,0.0016195429288927,0.0175848185349928,0.0160423956331214,0.0858807339892437,0.0031662789749841,0.1361769877839833,0.0285448433706833,0.003796751585873,8.30679625482298,0.0863214540422614,0.2983062437948895,0.0709876324557006,0.0811756093789844,8.30679625482298,0.8319593223180438,0.2551128983280515,0.0927459875438184,7.546594325001929,0.0781960731886349,8.561387929502716,0.1173300409457912,0.8079965671980341,1.0910515272941343,0.0693761782943784,1.091344255884298,8.561387929502716,7.550377922085315,1.0854832539334884,15.44131291008792,0.0709876324557006,0.1368167440329338,1.0412538120193235,7.685702674750544,7.669112523913398,0.0575230500980952,0.1471475452544814,8.516090744524261,7.525057825482989,0.0811756093789844,1.4414875639910545,0.8758548833955258,0.905608518349858,5.644871737006013,0.711840380892275,0.1108814970551322,0.7413000053299252,1.261377237365294,0.0721417067903106,10.324303430208804,7.514065787666669,0.2003075928437758,1.7285975426129858,5.049949407891185,0.2226254584998534,0.5873705657536934,0.0529427708275331,5.076038719729288,0.0680318325996444,10.453202972773092,0.8402825854241679,0.7358807352300345,5.1607293826143845,10.312559090686488,1.0050720746989494,0.0987921186624577,1.0726739306345607,0.9785861336204096,5.238724773343868,0.1931430174740321,8.30679625482298,1.7412354456116872,0.231601846738257,0.0,0.0,0.0,0.0,-1.1392463861172593,-69.49402955315281,0.0,0.0,0.0,0.0,0.0,0.0,0.0,0.0,0.0,0.0,0.0,0.0,0,0.0,0.0,0.0,0.0,0.0,0.0,0.0,0.0,0.0,0.0,0.0,0.0,0.0,0.0,0.0,0.0,0.0,0.0,0.0,0.0,0.0,0.0,0.0,0.0,0.0,0.0,0.0,0.0,0.0,0.0,0.0,0.0,0,0,0,0.0,0.0,0.0,0.0,0.0,0.0,0.0,0.0,0.0,0.0,0.0,0.0,0.0,0.0,0.0,0.0,0.0,0.0,0.0,0.0,0.0,0.0,0.0,0.0,0.0,0.0,0.0,0.0,0.0,0.0,0.0,0.0,0.0,0.0,0.0,0.0,0.0,0.0,0.0,0.0,0.0,0.0,0.0,0.0,0.0,0.0,0.0,0.0,0.0,0.0,0.0,0.0,0.0,0.0,0.0,0.0,0.0,0,0.0,0.0,0.0,0.0,0.0,0.0,0.0,0.0,0.0,0.0,0.0,0.0,0.0,0.0,0.0,0.0,0.0,0.0,0.0,0.0,0.0,0.0,0.0,0.0,0.0,0.0,0.0,0.0,0.0,0.0,0.0,0.0,0,0,0,0.0,0.0,0.0,0.0,0.0,0.0,0.0,0.0,0.0,0.0,0.0,0.0,0.0,0.0,0.0,0.0,0.0,0.0,0.0,0.0,0.0,0.0,0.0,0.0,0.0,0.0,0.0,0.0,0.0,0.0,0.0,0.0,0.0,0.0,0.0,0.0,0.0,0.0,0.0,0.0,0.0,0.0,0.0,0.0,0.0,0.0,0.0,-1.0,0.0,0.0,0.0,0.8,0.0,0.5,0.0,0.0,0.2,0.6,0.0,0.4,0.0,0,0.7,0.9,0.8,0.9,0.5,0.3,0.6,0.0,0.8,0.7,0.6,0.9,0.5,0.0,0.9,0.3,0.8,0.4,0.6,0.7,1.0,0.5,0.9,0.8,0.9,0.8,0.4,0.8,0.2,0.0,0.7,0.5,0.9,0.6,0.0,0,0.8,0.8,0.9,0.7,0.9,0.5,0.6,1.0,0.9,0.8,0.7,0.5,0.4,0.2,0.6,0.8,0.0,0.9,0.7,0,0.5,0.0,0.9,0.4,0.6,0.5,1.0,0.7,0.8,0.7,0.5,0.6,0.9,0.4,0.6,0.9,0.8,0.7,0.9,0.0,0,-61.0,0.0,0.0,0.0,48.8,0.0,30.5,0.0,0.0,12.2,36.6,0.0,24.4,0.0,0,42.7,54.9,48.8,54.9,30.5,18.3,36.6,0.0,48.8,42.7,36.6,54.9,30.5,0.0,54.9,18.3,48.8,24.4,36.6,42.7,61.0,30.5,54.9,48.8,54.9,48.8,24.4,48.8,12.2,0.0,42.7,30.5,54.9,36.6,0.0,0,48.8,48.8,54.9,42.7,54.9,30.5,36.6,61.0,54.9,48.8,42.7,30.5,24.4,12.2,36.6,48.8,0.0,54.9,42.7,0,30.5,0.0,54.9,24.4,36.6,30.5,61.0,42.7,48.8,42.7,30.5,36.6,54.9,24.4,36.6,54.9,48.8,42.7,54.9,0.0,0,47.49999999999999,2897.5,0.4,0.0,0.0,0.0,0.0,0.0,0.0,0.0,0.0,0.0,0.0,0.0,0.0,0.0,0.0,0.0,0.0,0.0,0.0,0.0,0.0,0.0,1.0,0.0,0.0,24.400000000000002,0.0,0.0,0.0,0.0,0.0,0.0,0.0,0.0,0.0,0.0,0.0,0.0,0.0,0.0,0.0,0.0,0.0,0.0,0.0,0.0,0.0,61.0,0.0,0.0,1.4,85.4
01082688c6,A sense of calm safety and serenity creates a foundation for trust comfort and fulfillment allowing us to feel at peace with ourselves and the world.,morning,46-60,Andorra,7726,164,0.9382,878.1552,0.0304378577517733,0.0065450081977663,0.005565071143792,0.1015967165197556,0.0057475390203762,0.299103944717596,0.0011771630282358,0.0195173653773963,0.0054105518817474,0.0191616518616986,0.0010329249331941,0.0837440465887387,0.2231522798538208,0.0057814891091159,0.0121384942904114,0.0015569007130883,0.0031808664013321,0.0023557140763538,0.0130464453250169,0.0024944679268325,0.0059057377511635,0.1368237876643737,0.0004614629821541,0.0011255366904758,0.0005018415152638,0.0049825209813813,0.0013606425297136,0.0060919815053542,28.489834855659865,6.126127673109295,5.208906590589322,95.09452666249126,5.379696523072198,279.96129225566983,1.1018245944287628,18.26825399324298,5.064276561315637,17.935306142549962,0.9668177374696826,78.38442760705948,208.87053394317627,5.4114738061325625,11.361630655825138,1.45725906745065,2.9772909516468644,2.204948375467211,12.211472824215887,2.3348219795152545,5.527770535089076,128.0670652538538,0.4319293512962758,1.0535023422853556,0.4697236582869664,4.663639638572931,1.2735614078119395,5.702094689011574,0.057090952170256,0.1502322936236547,0.1120926023935074,0.2179638661909848,0.1501147407040359,0.057090952170256,0.0423884857609664,0.0128533300297324,0.0036691949111021,0.0164661628393028,0.0028376671640823,0.0660172871357644,0.005764514064746,0.0067539541535855,0.0062999786362827,0.0510290897509548,0.1520432328494886,0.0040686015927348,0.0660172871357644,0.1647709012346846,0.0014287777958088,0.1560751950213064,0.2179638661909848,0.0032037896332136,0.0016943195047739,0.0249776115645848,0.0184914329747697,0.0714578845848639,0.012286101871723,0.0163967859140635,0.0168093620765527,0.1501147407040359,0.0054878115127697,0.1020622818323317,0.1538575946793167,0.020697905806527,0.0028996258624829,0.0059988596282588,0.0030981255869038,0.1073881835909559,0.1004991707268345,0.0049696431233314,0.0836308227080735,0.0104847330266137,0.0024012323847273,0.0120377306933126,0.1220226830078495,0.1732239263235694,0.0479828980343073,0.0139889619604217,0.1018157027428969,0.080393748720073,0.1457016318034018,0.147906704702311,0.0142547850195518,0.1044253089110295,0.003825821513601,0.0009312420224887,0.0775687761811746,0.0038123620025645,0.0188334104423119,0.0060246787757528,0.057090952170256,0.0041632577308013,0.2196933374119301,53.437131231359615,140.6174268317409,104.91867584032298,204.01417875476184,140.50739729897762,53.437131231359615,39.67562267226455,12.030716907829571,3.434366436791566,15.412328417587512,2.656056465581033,61.79218075907553,5.395585164602303,5.896780003560654,47.76322800689374,142.31246594712138,3.80821109079982,61.79218075907553,154.22556355566485,1.3373360168770367,146.08638253994283,204.01417875476184,2.998747096687976,1.5858830564684174,23.37904442445137,17.30798126438453,66.88457997143266,11.499791351932728,15.347391615563485,15.733562903653327,140.50739729897762,5.13659157595244,95.53029579506251,144.01070861984044,19.37323983490928,2.7140498072839945,5.614932612050284,2.899845549341957,100.5153398411348,94.06722380031717,4.651585963438222,78.27845005475679,9.813710112910424,2.2475535121047527,11.267315928940622,114.2132312953472,162.137595038861,44.91199256011166,13.093668394954804,95.29949776735155,75.24854880198833,136.3767273679841,138.44067560136315,13.342478778300514,97.74208914072368,3.5809689367305984,0.8716425330494232,72.60437450557941,3.568370834400372,17.628072174003997,5.639099334104621,53.437131231359615,3.896809236030048,205.63296381756663,0.0,0.0,0.0,0.0,2.551430993517898,2388.1394099327526,0.0,0.0,0.0,0.0,0.0,0.0,0.0,0.0,0.0,0.0,0.0,0.0,0,0.0,0.0,0.0,0.0,0.0,0.0,0.0,0.0,0.0,0.0,0.0,0.0,0.0,0.0,0.0,0.0,0.0,0.0,0.0,0.0,0.0,0.0,0.0,0.0,0.0,0.0,0.0,0.0,0.0,0.0,0.0,0.0,0,0,0,0.0,0.0,0.0,0.0,0.0,0.0,0.0,0.0,0.0,0.0,0.0,0.0,0.0,0.0,0.0,0.0,0.0,0.0,0.0,0.0,0.0,0.0,0.0,0.0,0.0,0.0,0.0,0.0,0.0,0.0,0.0,0.0,0.0,0.0,0.0,0.0,0.0,0.0,0.0,0.0,0.0,0.0,0.0,0.0,0.0,0.0,0.0,0.0,0.0,0.0,0.0,0.0,0.0,0.0,0.0,0.0,0.0,0,0.0,0.0,0.0,0.0,0.0,0.0,0.0,0.0,0.0,0.0,0.0,0.0,0.0,0.0,0.0,0.0,0.0,0.0,0.0,0.0,0.0,0.0,0.0,0.0,0.0,0.0,0.0,0.0,0.0,0.0,0.0,0.0,0,0,0,0.0,0.0,0.0,0.0,0.0,0.0,0.0,0.0,0.0,0.0,0.0,0.0,0.0,0.0,0.0,0.0,0.0,0.0,0.0,0.0,0.0,0.0,0.0,0.0,0.0,0.0,0.0,0.0,0.0,0.0,0.0,0.0,0.0,0.0,0.0,0.0,0.0,0.0,0.0,0.0,0.0,0.0,0.0,0.0,0.0,0.0,0.0,0.0,0.0,0.0,0.0,0.0,0.0,0.0,0.0,0.0,0.0,0.0,0.0,0.0,0.0,0,0.0,0.0,0.0,0.0,0.0,0.0,0.0,0.0,0.0,0.0,0.0,0.0,0.0,0.0,0.0,0.0,0.0,0.0,0.0,0.0,0.0,0.0,0.0,0.0,0.0,0.0,0.0,0.0,0.0,0.0,0.0,0.0,0.0,0.0,0.0,0,0.0,0.0,0.0,0.0,0.0,0.0,0.0,0.0,0.0,0.0,0.0,0.0,0.0,0.0,0.0,0.0,0.0,0.0,0.0,0,0.0,0.0,0.0,0.0,0.0,0.0,0.0,0.0,0.0,0.0,0.0,0.0,0.0,0.0,0.0,0.0,0.0,0.0,0.0,0.0,0,0.0,0.0,0.0,0.0,0.0,0.0,0.0,0.0,0.0,0.0,0.0,0.0,0.0,0.0,0,0.0,0.0,0.0,0.0,0.0,0.0,0.0,0.0,0.0,0.0,0.0,0.0,0.0,0.0,0.0,0.0,0.0,0.0,0.0,0.0,0.0,0.0,0.0,0.0,0.0,0.0,0.0,0.0,0.0,0.0,0.0,0.0,0.0,0.0,0.0,0,0.0,0.0,0.0,0.0,0.0,0.0,0.0,0.0,0.0,0.0,0.0,0.0,0.0,0.0,0.0,0.0,0.0,0.0,0.0,0,0.0,0.0,0.0,0.0,0.0,0.0,0.0,0.0,0.0,0.0,0.0,0.0,0.0,0.0,0.0,0.0,0.0,0.0,0.0,0.0,0,0.0,0.0,1.0,0.0,1.0,0.0,0.0,1.0,0.0,1.0,1.0,1.0,0.0,0.0,0.0,1.0,1.0,0.0,0.0,0.0,0.0,0.0,0.0,0.0,1.0,0.0,0.0,936.0,0.0,936.0,0.0,0.0,936.0,0.0,936.0,936.0,936.0,0.0,0.0,0.0,936.0,936.0,0.0,0.0,0.0,0.0,0.0,0.0,0.0,936.0,0.0,0.0,9.0,8424.0
01082688c6,Feeling inspired empowered and energized ignites motivation and confidence driving us toward growth harmony and connection with others.,morning,46-60,Andorra,7726,164,0.9517,890.7912,0.0048945897287921,0.0014283136697486,0.0012687779963016,0.0997622989234514,0.0012538304326881,0.3651314829476177,0.0023986500649092,0.004007980460301,0.0009337439065954,0.0022343087330227,0.0260967409218816,0.0053999870821523,0.0476565382753809,0.0013710019975405,0.012575816673537,0.0005279966814365,0.0005897207302041,0.0025514214939903,0.3093823349724213,0.0005164560473834,0.0682009750356276,0.0049295893404632,0.0003837992480839,0.0036179522133655,0.0006855935110555,0.0113851089651385,0.0177074347933133,0.0031075916194822,4.581335986149497,1.3369015948846936,1.1875762045383451,93.37751179235056,1.1735852849960793,341.76306803897023,2.2451364607550204,3.751469710841775,0.873984296573326,2.0913129741093144,24.426549502881244,5.054387908894569,44.60651982575655,1.2832578696979908,11.77096440643072,0.4942048938246443,0.5519786034710705,2.3881305183749646,289.5818655341864,0.4834028603509069,63.836112633347504,4.614095622673631,0.3592360962065868,3.386403271710151,0.6417155263479799,10.656461991369724,16.57415896654129,2.908705755835399,0.0051472884054722,0.1914194588704655,0.0368766395986312,0.1850305361440404,0.1843747175804916,0.0051472884054722,0.0157483640020169,0.0018313112013856,0.0009494993394884,0.0027055228880877,0.0005530883887937,0.0523284443261217,0.0013124162151143,0.1548830671102526,0.0064798079608104,0.0500730490857676,0.1882582959563781,0.0019612117457654,0.0523284443261217,0.1850130363382049,0.0016185075025229,0.3372569089600195,0.1850305361440404,0.0344432842733415,0.0143240812079359,0.0044512850945465,0.0031614516992703,0.0040185904799727,0.001584026319809,0.0037230056113912,0.0027421552294981,0.1843747175804916,0.0011012609514485,0.1452437026827181,0.0507828088464318,0.0071594622875433,0.0105479884174806,0.0356542833275548,0.0322830458171665,0.0366972917820222,0.1363118862209375,0.1092584544255967,0.0049120895346276,0.0016388176118197,0.0013504091030982,0.0020002555021265,0.018564573078442,0.1251536864567444,0.011377973960609,0.0025064740530069,0.1314080089020231,0.1228079940709802,0.12415324078433,0.0193287048993321,0.002564635132027,0.2260439233778015,0.0009627051379841,0.0091965141521844,0.0076351310320508,0.0008621070503269,0.0034436279529472,0.0013510486999923,0.0051472884054722,0.0016404194979662,0.1392392035211539,4.817861947521979,179.16861350275573,34.51653466431885,173.18858183082187,172.57473565534016,4.817861947521979,14.740468705887864,1.7141072844969685,0.8887313817612359,2.532369423250134,0.5176907319109499,48.97942388924996,1.2284215773469846,6.065100251318581,46.86837394427853,176.20976501516992,1.8356941940364144,48.97942388924996,173.17220201255978,1.5149230223614345,315.67246678657824,173.18858183082187,32.23891407984769,13.407340010628047,4.166402848495571,2.9591187905170475,3.761400689254448,1.482648635341271,3.484733252262163,2.5666572948102213,172.57473565534016,1.030780250555796,135.9481057110242,47.53270908026019,6.701256701140592,9.872917158761934,33.372409194591384,30.216930884867843,34.34866510797287,127.58792550279752,102.26591334235852,4.5977158044114805,1.533933284663333,1.2639829204999464,1.872239149990436,17.376440401421803,117.14385052351275,10.649783627130024,2.3460597136144585,122.99789633229368,114.9482824504375,116.20743337413292,18.09166778577488,2.4004984835773344,211.57711228162225,0.90109200915318,8.607937246444598,7.146482645999581,0.8069321991060407,3.2232357639586104,1.2645815831928862,4.817861947521979,1.5354326500964566,130.3278944958001,0.0,0.0,0.0,0.0,3.463284315944069,3241.6341197236484,0.0,0.0,0.0,0.0,0.0,0.0,0.0,0.0,0.0,0.0,0.0,0.0,0,0.0,0.0,0.0,0.0,0.0,0.0,0.0,0.0,0.0,0.0,0.0,0.0,0.0,0.0,0.0,0.0,0.5,0.0,0.0,0.0,0.0,0.0,0.0,0.0,0.0,0.0,0.0,0.0,0.0,0.0,0.0,0.0,0,0,0,0.0,0.0,0.5,0.0,0.0,0.0,0.0,0.0,0.0,0.0,0.0,0.0,0.0,0.0,0.5,0.0,0.0,0.0,0.0,0.0,0.0,0.0,0.0,0.0,0.0,0.0,0.0,0.0,0.0,0.0,0.0,0.0,0.0,0.0,0.0,0.0,0.0,0.0,0.0,0.0,0.0,0.0,0.0,0.0,0.0,0.0,0.0,0.0,0.0,0.0,0.0,0.0,0.0,0.0,0.0,0.0,0.0,0,0.0,0.0,0.0,0.0,0.0,0.0,0.0,0.0,0.0,0.0,0.0,0.0,0.0,0.0,0.0,0.0,468.0,0.0,0.0,0.0,0.0,0.0,0.0,0.0,0.0,0.0,0.0,0.0,0.0,0.0,0.0,0.0,0,0,0,0.0,0.0,468.0,0.0,0.0,0.0,0.0,0.0,0.0,0.0,0.0,0.0,0.0,0.0,468.0,0.0,0.0,0.0,0.0,0.0,0.0,0.0,0.0,0.0,0.0,0.0,0.0,0.0,0.0,0.0,0.0,0.0,0.0,0.0,0.0,0.0,0.0,0.0,0.0,0.0,0.0,0.0,0.0,0.0,0.0,1.5,1404.0,0.0,0.0,0.0,0.0,0.0,0.0,0.0,0.0,0.0,0.0,0.0,0.0,0.0,0.0,0,0.0,-1.0,0.0,0.0,0.0,0.0,0.0,0.0,0.0,0.0,0.0,0.0,0.0,0.0,0.0,0.0,0.0,0.0,0.0,0.0,0.0,0.0,0.0,0.0,0.0,0.0,0.0,0.0,0.0,0.0,0.0,0.0,0.0,0.0,0.0,0,0.0,-1.0,0.0,0.0,0.0,0.0,0.0,0.0,0.0,0.0,0.0,0.0,0.0,0.0,0.0,-1.0,0.0,0.0,0.0,0,0.0,0.0,0.0,0.0,0.0,0.0,0.0,0.0,0.0,0.0,0.0,0.0,0.0,0.0,0.0,0.0,0.0,0.0,0.0,0.0,0,0.0,0.0,0.0,0.0,0.0,0.0,0.0,0.0,0.0,0.0,0.0,0.0,0.0,0.0,0,0.0,-936.0,0.0,0.0,0.0,0.0,0.0,0.0,0.0,0.0,0.0,0.0,0.0,0.0,0.0,0.0,0.0,0.0,0.0,0.0,0.0,0.0,0.0,0.0,0.0,0.0,0.0,0.0,0.0,0.0,0.0,0.0,0.0,0.0,0.0,0,0.0,-936.0,0.0,0.0,0.0,0.0,0.0,0.0,0.0,0.0,0.0,0.0,0.0,0.0,0.0,-936.0,0.0,0.0,0.0,0,0.0,0.0,0.0,0.0,0.0,0.0,0.0,0.0,0.0,0.0,0.0,0.0,0.0,0.0,0.0,0.0,0.0,0.0,0.0,0.0,0,-3.0,-2808.0,0.0,0.0,0.0,1.0,1.0,0.0,1.0,0.0,0.0,0.0,1.0,0.0,0.0,0.0,0.0,1.0,1.0,0.0,0.0,0.0,0.0,0.0,0.0,1.0,0.0,0.0,0.0,0.0,936.0,936.0,0.0,936.0,0.0,0.0,0.0,936.0,0.0,0.0,0.0,0.0,936.0,936.0,0.0,0.0,0.0,0.0,0.0,0.0,936.0,0.0,7.0,6552.0
01082688c6,Through openness gratitude and understanding we cultivate sociability graciousness and altruism embracing life with enthusiasm and adventurous curiosity.,morning,46-60,Andorra,7726,164,0.9382,878.1552,0.0048850136469506,0.005923352294,0.0015300125960493,0.1361853001095975,0.0055395802213145,0.279667114218076,0.0177817209623754,0.0053503914314205,0.0015592250365443,0.0068138473737538,0.0039432504830377,0.0042148944873285,0.011260525129425,0.0018423149243365,0.0122377132611291,0.000748163589075,0.0005271257092924,0.0049139216231803,0.0149244909019519,0.0005944885488133,0.0881482511758804,0.0024884581798687,0.0014661611094197,0.0021766294400246,0.0079230165768725,0.0033502311756213,0.3705660402774811,0.0034387629323949,4.572372773545794,5.54425774718402,1.432091789902188,127.46944090258329,5.185047087150451,261.7684189081192,16.643690820783377,5.007966379809659,1.459434634205536,6.377761141833616,3.690882452123332,3.945141240139492,10.539851521141829,1.7244067691790406,11.45449961241684,0.7002811193742673,0.4933896638976875,4.59943063929677,13.96932348422706,0.5564412816893309,82.50676310062408,2.329196856357157,1.372326798416907,2.0373251558630727,7.415943515952677,3.135816380381584,346.8498136997223,3.2186821047216654,0.0045499540671395,0.3251165772477785,0.0076018878062313,0.1410777861989723,0.1409218718290503,0.0045499540671395,0.0040790724851831,0.0063685998338769,0.0012952392567057,0.0027397510978819,0.0005608071290528,0.070535156878274,0.0036909475728255,0.0081953260056858,0.0068519371852744,0.0688257306095086,0.1415086726968486,0.0033781182737584,0.070535156878274,0.1422760639325133,0.0064184691000264,0.1472958025600139,0.1410777861989723,0.0480356338763764,0.004428586053109,0.0051177025391855,0.0054041829704753,0.0029636105561318,0.004186536205149,0.0048994676350654,0.0027060696781215,0.1409218718290503,0.0015446188162968,0.1285323621187772,0.0499780944729637,0.0074910394465,0.1262767310254275,0.0457935070541376,0.0323351410940328,0.0476295509255982,0.2180588016595316,0.1311378492521018,0.0036867359134096,0.0060922599630227,0.0069259648892814,0.0020022093016854,0.0057292487472295,0.095456822295091,0.0032901571984337,0.0040889695975338,0.2178611285570594,0.0098450824023327,0.0999790977867733,0.0059879592655407,0.0042168936217623,0.0989227448533508,0.0036707514031553,0.1892445284271768,0.0063136886427754,0.0015184662473377,0.005386252457457,0.0044350824798836,0.0045499540671395,0.008283771259913,0.0978053658424565,4.258757006842619,304.3091163039207,7.115366986632544,132.04880788223812,131.90287203199108,4.258757006842619,3.8180118461313817,5.961009444508779,1.212343944276582,2.5644070276175053,0.5249154727934676,66.02090683806452,3.454726928164668,6.413413205416839,64.42088385050005,132.45211764425034,3.1619187042378623,66.02090683806452,133.17039584083244,6.00768707762471,137.86887119617307,132.04880788223812,44.96135330828836,4.145156545710024,4.790169576677675,5.058315260364881,2.7739394805393647,3.918597888019511,4.585901706421262,2.532881218721724,131.90287203199108,1.4457632120538046,120.30629094317553,46.77949642669405,7.011612921924062,118.1950202398002,42.86272260267284,30.2656920640147,44.58125966635995,204.1030383533216,122.74502689996731,3.450784814951432,5.70235532538931,6.482703136367453,1.8740679063775656,5.362576827406843,89.34758566820523,3.0795871377340056,3.8272755432917,203.91801632940764,9.214997128583438,93.58043552841988,5.604729872546127,3.947012429969575,92.5916891827364,3.435823313353424,177.13287860783748,5.909612569637806,1.4212844075081497,5.041532300179784,4.151237201171112,4.258757006842619,7.753609899278631,91.54582242853937,0.0,0.0,0.0,0.0,3.2587959495496968,3050.2330087785163,0.0,0.0,0.0,0.0,0.0,0.0,0.0,0.0,0.0,0.0,0.0,0.0,0,0.0,0.0,0.0,0.0,0.0,0.0,0.0,0.0,0.0,0.0,0.0,0.0,0.0,0.0,0.0,0.0,0.0,0.0,0.0,0.0,0.0,0.0,0.0,0.0,0.0,0.0,0.0,0.0,0.0,0.0,0.0,0.0,0,0,0,0.0,0.0,0.0,0.0,0.0,0.0,0.0,0.0,0.0,0.0,0.0,0.0,0.0,0.0,0.0,0.0,0.0,0.0,0.0,0.0,0.0,0.0,0.0,0.0,0.0,0.0,0.0,0.0,0.0,0.0,0.0,0.0,0.0,0.0,0.0,0.0,0.0,0.0,0.0,0.0,0.0,0.0,0.0,0.0,0.0,0.0,0.0,0.0,0.0,0.0,0.0,0.0,0.0,0.0,0.0,0.0,0.0,0,0.0,0.0,0.0,0.0,0.0,0.0,0.0,0.0,0.0,0.0,0.0,0.0,0.0,0.0,0.0,0.0,0.0,0.0,0.0,0.0,0.0,0.0,0.0,0.0,0.0,0.0,0.0,0.0,0.0,0.0,0.0,0.0,0,0,0,0.0,0.0,0.0,0.0,0.0,0.0,0.0,0.0,0.0,0.0,0.0,0.0,0.0,0.0,0.0,0.0,0.0,0.0,0.0,0.0,0.0,0.0,0.0,0.0,0.0,0.0,0.0,0.0,0.0,0.0,0.0,0.0,0.0,0.0,0.0,0.0,0.0,0.0,0.0,0.0,0.0,0.0,0.0,0.0,0.0,0.0,0.0,0.0,0.0,0.0,0.0,0.0,0.0,0.0,0.0,0.0,0.0,0.0,0.0,0.0,0.0,0,0.0,0.0,0.0,0.0,0.0,0.0,0.0,0.0,0.0,0.0,0.0,0.0,0.0,0.0,0.0,0.0,0.0,0.0,0.0,0.0,0.0,0.0,0.0,0.0,0.0,0.0,0.0,0.0,0.0,0.0,0.0,0.0,0.0,0.0,0.0,0,0.0,0.0,0.0,0.0,0.0,0.0,0.0,0.0,0.0,0.0,0.0,0.0,0.0,0.0,0.0,0.0,0.0,0.0,0.0,0,0.0,0.0,0.0,0.0,0.0,0.0,0.0,0.0,0.0,0.0,0.0,0.0,0.0,0.0,0.0,0.0,0.0,0.0,0.0,0.0,0,0.0,0.0,0.0,0.0,0.0,0.0,0.0,0.0,0.0,0.0,0.0,0.0,0.0,0.0,0,0.0,0.0,0.0,0.0,0.0,0.0,0.0,0.0,0.0,0.0,0.0,0.0,0.0,0.0,0.0,0.0,0.0,0.0,0.0,0.0,0.0,0.0,0.0,0.0,0.0,0.0,0.0,0.0,0.0,0.0,0.0,0.0,0.0,0.0,0.0,0,0.0,0.0,0.0,0.0,0.0,0.0,0.0,0.0,0.0,0.0,0.0,0.0,0.0,0.0,0.0,0.0,0.0,0.0,0.0,0,0.0,0.0,0.0,0.0,0.0,0.0,0.0,0.0,0.0,0.0,0.0,0.0,0.0,0.0,0.0,0.0,0.0,0.0,0.0,0.0,0,0.0,0.0,1.0,0.0,0.0,0.0,0.0,1.0,1.0,1.0,1.0,1.0,0.6,0.0,1.0,1.0,0.8,0.4,1.0,0.9,1.0,1.0,1.0,0.7,0.5,0.8,0.6,936.0,0.0,0.0,0.0,0.0,936.0,936.0,936.0,936.0,936.0,561.6,0.0,936.0,936.0,748.8000000000001,374.40000000000003,936.0,842.4,936.0,936.0,936.0,655.1999999999999,468.0,748.8000000000001,561.6,17.3,16192.8
